sensor_id;sensor_type;location;lat;lon;timestamp;P1;durP1;ratioP1;P2;durP2;ratioP2
66816;SDS011;53722;49.98758134;8.27325225;2023-08-20T00:01:29;4.50;;;4.03;;
66816;SDS011;53722;49.98758134;8.27325225;2023-08-20T00:03:55;4.43;;;4.00;;
66816;SDS011;53722;49.98758134;8.27325225;2023-08-20T00:06:21;7.85;;;4.47;;
66816;SDS011;53722;49.98758134;8.27325225;2023-08-20T00:08:47;5.55;;;4.40;;
66816;SDS011;53722;49.98758134;8.27325225;2023-08-20T00:11:13;4.80;;;4.20;;
66816;SDS011;53722;49.98758134;8.27325225;2023-08-20T00:13:40;4.80;;;4.15;;
66816;SDS011;53722;49.98758134;8.27325225;2023-08-20T00:16:06;4.70;;;4.30;;
66816;SDS011;53722;49.98758134;8.27325225;2023-08-20T00:18:32;5.43;;;4.25;;
66816;SDS011;53722;49.98758134;8.27325225;2023-08-20T00:20:57;5.75;;;4.32;;
66816;SDS011;53722;49.98758134;8.27325225;2023-08-20T00:23:23;6.43;;;3.60;;
66816;SDS011;53722;49.98758134;8.27325225;2023-08-20T00:25:49;4.82;;;4.32;;
66816;SDS011;53722;49.98758134;8.27325225;2023-08-20T00:28:14;6.00;;;4.90;;
66816;SDS011;53722;49.98758134;8.27325225;2023-08-20T00:30:40;5.50;;;4.80;;
66816;SDS011;53722;49.98758134;8.27325225;2023-08-20T00:33:05;5.75;;;4.72;;
66816;SDS011;53722;49.98758134;8.27325225;2023-08-20T00:35:31;6.93;;;4.35;;
66816;SDS011;53722;49.98758134;8.27325225;2023-08-20T00:37:56;5.43;;;4.22;;
66816;SDS011;53722;49.98758134;8.27325225;2023-08-20T00:40:22;5.60;;;4.55;;
66816;SDS011;53722;49.98758134;8.27325225;2023-08-20T00:42:47;6.10;;;4.82;;
66816;SDS011;53722;49.98758134;8.27325225;2023-08-20T00:45:13;6.45;;;5.05;;
66816;SDS011;53722;49.98758134;8.27325225;2023-08-20T00:47:38;6.38;;;4.80;;
66816;SDS011;53722;49.98758134;8.27325225;2023-08-20T00:50:04;5.43;;;4.60;;
66816;SDS011;53722;49.98758134;8.27325225;2023-08-20T00:52:31;6.97;;;4.65;;
66816;SDS011;53722;49.98758134;8.27325225;2023-08-20T00:54:57;5.57;;;4.90;;
66816;SDS011;53722;49.98758134;8.27325225;2023-08-20T00:57:22;6.95;;;5.20;;
66816;SDS011;53722;49.98758134;8.27325225;2023-08-20T00:59:48;6.97;;;4.57;;
66816;SDS011;53722;49.98758134;8.27325225;2023-08-20T01:02:15;6.68;;;5.05;;
66816;SDS011;53722;49.98758134;8.27325225;2023-08-20T01:04:42;5.68;;;4.40;;
66816;SDS011;53722;49.98758134;8.27325225;2023-08-20T01:12:55;5.13;;;4.63;;
66816;SDS011;53722;49.98758134;8.27325225;2023-08-20T01:15:20;6.20;;;5.03;;
66816;SDS011;53722;49.98758134;8.27325225;2023-08-20T01:17:46;7.07;;;5.18;;
66816;SDS011;53722;49.98758134;8.27325225;2023-08-20T01:20:13;5.88;;;4.70;;
66816;SDS011;53722;49.98758134;8.27325225;2023-08-20T01:30:51;6.50;;;5.35;;
66816;SDS011;53722;49.98758134;8.27325225;2023-08-20T01:33:18;6.75;;;5.45;;
66816;SDS011;53722;49.98758134;8.27325225;2023-08-20T01:35:44;6.28;;;5.10;;
66816;SDS011;53722;49.98758134;8.27325225;2023-08-20T01:38:09;7.73;;;5.10;;
66816;SDS011;53722;49.98758134;8.27325225;2023-08-20T01:40:35;7.97;;;5.40;;
66816;SDS011;53722;49.98758134;8.27325225;2023-08-20T01:43:00;7.15;;;5.18;;
66816;SDS011;53722;49.98758134;8.27325225;2023-08-20T01:45:25;6.93;;;5.00;;
66816;SDS011;53722;49.98758134;8.27325225;2023-08-20T01:47:51;5.70;;;4.80;;
66816;SDS011;53722;49.98758134;8.27325225;2023-08-20T01:50:17;8.02;;;5.63;;
66816;SDS011;53722;49.98758134;8.27325225;2023-08-20T01:52:42;8.27;;;5.65;;
66816;SDS011;53722;49.98758134;8.27325225;2023-08-20T01:55:07;6.93;;;5.37;;
66816;SDS011;53722;49.98758134;8.27325225;2023-08-20T01:57:33;6.38;;;5.43;;
66816;SDS011;53722;49.98758134;8.27325225;2023-08-20T01:59:58;7.20;;;5.80;;
66816;SDS011;53722;49.98758134;8.27325225;2023-08-20T02:02:24;7.88;;;5.82;;
66816;SDS011;53722;49.98758134;8.27325225;2023-08-20T02:04:49;7.50;;;5.45;;
66816;SDS011;53722;49.98758134;8.27325225;2023-08-20T02:07:15;8.60;;;5.60;;
66816;SDS011;53722;49.98758134;8.27325225;2023-08-20T02:09:40;7.82;;;5.80;;
66816;SDS011;53722;49.98758134;8.27325225;2023-08-20T02:12:06;9.07;;;5.77;;
66816;SDS011;53722;49.98758134;8.27325225;2023-08-20T02:14:31;7.03;;;5.95;;
66816;SDS011;53722;49.98758134;8.27325225;2023-08-20T02:17:00;8.80;;;5.75;;
66816;SDS011;53722;49.98758134;8.27325225;2023-08-20T02:19:28;8.63;;;5.30;;
66816;SDS011;53722;49.98758134;8.27325225;2023-08-20T02:21:53;7.23;;;5.63;;
66816;SDS011;53722;49.98758134;8.27325225;2023-08-20T02:24:19;7.47;;;6.20;;
66816;SDS011;53722;49.98758134;8.27325225;2023-08-20T02:26:44;7.43;;;5.78;;
66816;SDS011;53722;49.98758134;8.27325225;2023-08-20T02:29:10;7.57;;;5.90;;
66816;SDS011;53722;49.98758134;8.27325225;2023-08-20T02:31:35;7.40;;;5.80;;
66816;SDS011;53722;49.98758134;8.27325225;2023-08-20T02:34:01;7.10;;;6.40;;
66816;SDS011;53722;49.98758134;8.27325225;2023-08-20T02:36:26;9.98;;;6.57;;
66816;SDS011;53722;49.98758134;8.27325225;2023-08-20T02:38:51;9.82;;;6.65;;
66816;SDS011;53722;49.98758134;8.27325225;2023-08-20T02:41:17;7.97;;;5.93;;
66816;SDS011;53722;49.98758134;8.27325225;2023-08-20T02:43:42;9.98;;;6.40;;
66816;SDS011;53722;49.98758134;8.27325225;2023-08-20T02:46:08;9.10;;;5.85;;
66816;SDS011;53722;49.98758134;8.27325225;2023-08-20T02:48:33;7.97;;;6.37;;
66816;SDS011;53722;49.98758134;8.27325225;2023-08-20T02:50:58;8.50;;;6.80;;
66816;SDS011;53722;49.98758134;8.27325225;2023-08-20T02:53:24;11.03;;;6.07;;
66816;SDS011;53722;49.98758134;8.27325225;2023-08-20T02:55:49;10.25;;;6.45;;
66816;SDS011;53722;49.98758134;8.27325225;2023-08-20T02:58:14;6.80;;;5.77;;
66816;SDS011;53722;49.98758134;8.27325225;2023-08-20T03:00:40;8.90;;;6.90;;
66816;SDS011;53722;49.98758134;8.27325225;2023-08-20T03:03:07;7.75;;;6.20;;
66816;SDS011;53722;49.98758134;8.27325225;2023-08-20T03:05:33;8.23;;;6.57;;
66816;SDS011;53722;49.98758134;8.27325225;2023-08-20T03:07:59;10.52;;;6.90;;
66816;SDS011;53722;49.98758134;8.27325225;2023-08-20T03:10:25;8.88;;;6.53;;
66816;SDS011;53722;49.98758134;8.27325225;2023-08-20T03:12:54;7.95;;;6.43;;
66816;SDS011;53722;49.98758134;8.27325225;2023-08-20T03:15:19;7.77;;;6.70;;
66816;SDS011;53722;49.98758134;8.27325225;2023-08-20T03:17:44;13.17;;;7.07;;
66816;SDS011;53722;49.98758134;8.27325225;2023-08-20T03:20:09;9.37;;;6.60;;
66816;SDS011;53722;49.98758134;8.27325225;2023-08-20T03:22:36;9.38;;;6.32;;
66816;SDS011;53722;49.98758134;8.27325225;2023-08-20T03:25:02;6.85;;;5.65;;
66816;SDS011;53722;49.98758134;8.27325225;2023-08-20T03:27:28;7.75;;;6.18;;
66816;SDS011;53722;49.98758134;8.27325225;2023-08-20T03:29:53;8.63;;;6.37;;
66816;SDS011;53722;49.98758134;8.27325225;2023-08-20T03:32:18;8.60;;;6.60;;
66816;SDS011;53722;49.98758134;8.27325225;2023-08-20T03:34:44;7.30;;;6.10;;
66816;SDS011;53722;49.98758134;8.27325225;2023-08-20T03:37:09;9.70;;;7.03;;
66816;SDS011;53722;49.98758134;8.27325225;2023-08-20T03:39:34;10.70;;;6.68;;
66816;SDS011;53722;49.98758134;8.27325225;2023-08-20T03:42:00;8.38;;;6.57;;
66816;SDS011;53722;49.98758134;8.27325225;2023-08-20T03:44:25;9.20;;;6.53;;
66816;SDS011;53722;49.98758134;8.27325225;2023-08-20T03:46:51;9.10;;;6.72;;
66816;SDS011;53722;49.98758134;8.27325225;2023-08-20T03:49:16;10.48;;;6.90;;
66816;SDS011;53722;49.98758134;8.27325225;2023-08-20T03:51:42;9.60;;;6.32;;
66816;SDS011;53722;49.98758134;8.27325225;2023-08-20T03:54:07;7.85;;;6.85;;
66816;SDS011;53722;49.98758134;8.27325225;2023-08-20T03:56:36;9.43;;;7.30;;
66816;SDS011;53722;49.98758134;8.27325225;2023-08-20T03:59:01;10.13;;;7.00;;
66816;SDS011;53722;49.98758134;8.27325225;2023-08-20T04:01:27;7.00;;;6.30;;
66816;SDS011;53722;49.98758134;8.27325225;2023-08-20T04:03:52;9.75;;;6.63;;
66816;SDS011;53722;49.98758134;8.27325225;2023-08-20T04:06:18;8.05;;;6.75;;
66816;SDS011;53722;49.98758134;8.27325225;2023-08-20T04:08:43;10.47;;;7.10;;
66816;SDS011;53722;49.98758134;8.27325225;2023-08-20T04:11:08;15.07;;;6.80;;
66816;SDS011;53722;49.98758134;8.27325225;2023-08-20T04:13:34;10.85;;;7.25;;
66816;SDS011;53722;49.98758134;8.27325225;2023-08-20T04:15:59;7.87;;;6.27;;
66816;SDS011;53722;49.98758134;8.27325225;2023-08-20T04:18:24;8.60;;;6.20;;
66816;SDS011;53722;49.98758134;8.27325225;2023-08-20T04:20:50;8.02;;;6.65;;
66816;SDS011;53722;49.98758134;8.27325225;2023-08-20T04:23:17;9.90;;;6.38;;
66816;SDS011;53722;49.98758134;8.27325225;2023-08-20T04:25:43;7.95;;;6.65;;
66816;SDS011;53722;49.98758134;8.27325225;2023-08-20T04:28:09;11.15;;;6.70;;
66816;SDS011;53722;49.98758134;8.27325225;2023-08-20T04:30:35;9.23;;;6.32;;
66816;SDS011;53722;49.98758134;8.27325225;2023-08-20T04:33:01;9.95;;;6.68;;
66816;SDS011;53722;49.98758134;8.27325225;2023-08-20T04:35:26;8.13;;;6.60;;
66816;SDS011;53722;49.98758134;8.27325225;2023-08-20T04:37:52;9.95;;;6.28;;
66816;SDS011;53722;49.98758134;8.27325225;2023-08-20T04:40:17;9.00;;;7.23;;
66816;SDS011;53722;49.98758134;8.27325225;2023-08-20T04:42:42;11.05;;;6.70;;
66816;SDS011;53722;49.98758134;8.27325225;2023-08-20T04:45:08;10.43;;;7.20;;
66816;SDS011;53722;49.98758134;8.27325225;2023-08-20T04:47:34;8.20;;;6.35;;
66816;SDS011;53722;49.98758134;8.27325225;2023-08-20T04:49:59;12.32;;;6.68;;
66816;SDS011;53722;49.98758134;8.27325225;2023-08-20T04:52:24;11.07;;;6.27;;
66816;SDS011;53722;49.98758134;8.27325225;2023-08-20T04:54:50;7.93;;;6.17;;
66816;SDS011;53722;49.98758134;8.27325225;2023-08-20T04:57:15;6.80;;;5.90;;
66816;SDS011;53722;49.98758134;8.27325225;2023-08-20T04:59:41;7.18;;;6.10;;
66816;SDS011;53722;49.98758134;8.27325225;2023-08-20T05:02:10;7.95;;;6.10;;
66816;SDS011;53722;49.98758134;8.27325225;2023-08-20T05:04:36;7.57;;;6.07;;
66816;SDS011;53722;49.98758134;8.27325225;2023-08-20T05:07:01;6.50;;;5.90;;
66816;SDS011;53722;49.98758134;8.27325225;2023-08-20T05:09:26;10.60;;;6.03;;
66816;SDS011;53722;49.98758134;8.27325225;2023-08-20T05:11:52;9.80;;;5.68;;
66816;SDS011;53722;49.98758134;8.27325225;2023-08-20T05:14:17;8.03;;;6.10;;
66816;SDS011;53722;49.98758134;8.27325225;2023-08-20T05:16:42;8.73;;;5.70;;
66816;SDS011;53722;49.98758134;8.27325225;2023-08-20T05:19:07;6.70;;;5.80;;
66816;SDS011;53722;49.98758134;8.27325225;2023-08-20T05:21:33;9.57;;;5.30;;
66816;SDS011;53722;49.98758134;8.27325225;2023-08-20T05:23:58;10.70;;;6.03;;
66816;SDS011;53722;49.98758134;8.27325225;2023-08-20T05:26:23;8.30;;;5.80;;
66816;SDS011;53722;49.98758134;8.27325225;2023-08-20T05:28:49;9.80;;;5.93;;
66816;SDS011;53722;49.98758134;8.27325225;2023-08-20T05:31:14;7.90;;;5.90;;
66816;SDS011;53722;49.98758134;8.27325225;2023-08-20T05:33:39;9.60;;;6.00;;
66816;SDS011;53722;49.98758134;8.27325225;2023-08-20T05:36:05;10.93;;;5.90;;
66816;SDS011;53722;49.98758134;8.27325225;2023-08-20T05:38:30;6.55;;;5.45;;
66816;SDS011;53722;49.98758134;8.27325225;2023-08-20T05:40:55;5.70;;;5.10;;
66816;SDS011;53722;49.98758134;8.27325225;2023-08-20T05:43:21;9.67;;;5.73;;
66816;SDS011;53722;49.98758134;8.27325225;2023-08-20T05:45:46;8.77;;;5.53;;
66816;SDS011;53722;49.98758134;8.27325225;2023-08-20T05:48:11;6.93;;;5.65;;
66816;SDS011;53722;49.98758134;8.27325225;2023-08-20T05:50:37;8.27;;;5.50;;
66816;SDS011;53722;49.98758134;8.27325225;2023-08-20T05:53:02;6.97;;;5.20;;
66816;SDS011;53722;49.98758134;8.27325225;2023-08-20T05:55:27;7.60;;;5.60;;
66816;SDS011;53722;49.98758134;8.27325225;2023-08-20T05:57:53;5.50;;;4.80;;
66816;SDS011;53722;49.98758134;8.27325225;2023-08-20T06:00:18;6.57;;;5.50;;
66816;SDS011;53722;49.98758134;8.27325225;2023-08-20T06:02:43;6.97;;;5.20;;
66816;SDS011;53722;49.98758134;8.27325225;2023-08-20T06:05:09;7.53;;;5.43;;
66816;SDS011;53722;49.98758134;8.27325225;2023-08-20T06:07:34;6.18;;;4.70;;
66816;SDS011;53722;49.98758134;8.27325225;2023-08-20T06:10:00;8.50;;;5.63;;
66816;SDS011;53722;49.98758134;8.27325225;2023-08-20T06:12:25;7.05;;;5.25;;
66816;SDS011;53722;49.98758134;8.27325225;2023-08-20T06:14:50;6.03;;;5.33;;
66816;SDS011;53722;49.98758134;8.27325225;2023-08-20T06:17:16;6.40;;;5.67;;
66816;SDS011;53722;49.98758134;8.27325225;2023-08-20T06:19:41;8.07;;;5.28;;
66816;SDS011;53722;49.98758134;8.27325225;2023-08-20T06:22:07;6.80;;;5.20;;
66816;SDS011;53722;49.98758134;8.27325225;2023-08-20T06:24:32;5.45;;;4.95;;
66816;SDS011;53722;49.98758134;8.27325225;2023-08-20T06:26:57;6.28;;;4.82;;
66816;SDS011;53722;49.98758134;8.27325225;2023-08-20T06:29:23;6.10;;;4.72;;
66816;SDS011;53722;49.98758134;8.27325225;2023-08-20T06:31:48;5.77;;;5.17;;
66816;SDS011;53722;49.98758134;8.27325225;2023-08-20T06:34:15;6.90;;;5.28;;
66816;SDS011;53722;49.98758134;8.27325225;2023-08-20T06:36:40;6.00;;;5.13;;
66816;SDS011;53722;49.98758134;8.27325225;2023-08-20T06:39:06;7.97;;;4.97;;
66816;SDS011;53722;49.98758134;8.27325225;2023-08-20T06:41:31;5.93;;;4.83;;
66816;SDS011;53722;49.98758134;8.27325225;2023-08-20T06:43:56;12.03;;;5.03;;
66816;SDS011;53722;49.98758134;8.27325225;2023-08-20T06:46:22;5.93;;;5.27;;
66816;SDS011;53722;49.98758134;8.27325225;2023-08-20T06:48:47;7.40;;;5.87;;
66816;SDS011;53722;49.98758134;8.27325225;2023-08-20T06:51:18;8.50;;;6.20;;
66816;SDS011;53722;49.98758134;8.27325225;2023-08-20T06:53:44;12.15;;;5.75;;
66816;SDS011;53722;49.98758134;8.27325225;2023-08-20T06:56:10;7.63;;;4.70;;
66816;SDS011;53722;49.98758134;8.27325225;2023-08-20T06:58:39;7.15;;;5.32;;
66816;SDS011;53722;49.98758134;8.27325225;2023-08-20T07:01:05;7.72;;;5.03;;
66816;SDS011;53722;49.98758134;8.27325225;2023-08-20T07:03:34;8.20;;;5.00;;
66816;SDS011;53722;49.98758134;8.27325225;2023-08-20T07:06:00;10.77;;;5.43;;
66816;SDS011;53722;49.98758134;8.27325225;2023-08-20T07:08:26;9.50;;;5.75;;
66816;SDS011;53722;49.98758134;8.27325225;2023-08-20T07:10:52;7.50;;;4.70;;
66816;SDS011;53722;49.98758134;8.27325225;2023-08-20T07:13:17;6.77;;;5.00;;
66816;SDS011;53722;49.98758134;8.27325225;2023-08-20T07:15:42;6.13;;;5.43;;
66816;SDS011;53722;49.98758134;8.27325225;2023-08-20T07:18:07;8.57;;;5.13;;
66816;SDS011;53722;49.98758134;8.27325225;2023-08-20T07:20:33;6.25;;;4.70;;
66816;SDS011;53722;49.98758134;8.27325225;2023-08-20T07:22:58;11.07;;;5.07;;
66816;SDS011;53722;49.98758134;8.27325225;2023-08-20T07:25:23;7.30;;;5.00;;
66816;SDS011;53722;49.98758134;8.27325225;2023-08-20T07:27:49;7.38;;;4.93;;
66816;SDS011;53722;49.98758134;8.27325225;2023-08-20T07:30:15;6.35;;;4.60;;
66816;SDS011;53722;49.98758134;8.27325225;2023-08-20T07:32:41;6.72;;;5.20;;
66816;SDS011;53722;49.98758134;8.27325225;2023-08-20T07:35:06;7.73;;;4.90;;
66816;SDS011;53722;49.98758134;8.27325225;2023-08-20T07:37:33;6.97;;;4.93;;
66816;SDS011;53722;49.98758134;8.27325225;2023-08-20T07:39:58;7.27;;;4.30;;
66816;SDS011;53722;49.98758134;8.27325225;2023-08-20T07:42:23;10.73;;;4.47;;
66816;SDS011;53722;49.98758134;8.27325225;2023-08-20T07:44:49;9.57;;;4.40;;
66816;SDS011;53722;49.98758134;8.27325225;2023-08-20T07:47:14;8.40;;;4.87;;
66816;SDS011;53722;49.98758134;8.27325225;2023-08-20T07:49:39;7.70;;;4.47;;
66816;SDS011;53722;49.98758134;8.27325225;2023-08-20T07:52:04;8.87;;;4.93;;
66816;SDS011;53722;49.98758134;8.27325225;2023-08-20T07:54:30;4.93;;;4.53;;
66816;SDS011;53722;49.98758134;8.27325225;2023-08-20T07:56:56;4.78;;;4.25;;
66816;SDS011;53722;49.98758134;8.27325225;2023-08-20T07:59:22;6.13;;;4.38;;
66816;SDS011;53722;49.98758134;8.27325225;2023-08-20T08:01:47;8.40;;;4.93;;
66816;SDS011;53722;49.98758134;8.27325225;2023-08-20T08:04:13;5.18;;;4.68;;
66816;SDS011;53722;49.98758134;8.27325225;2023-08-20T08:06:38;5.60;;;4.47;;
66816;SDS011;53722;49.98758134;8.27325225;2023-08-20T08:09:20;9.53;;;4.70;;
66816;SDS011;53722;49.98758134;8.27325225;2023-08-20T08:11:47;9.27;;;4.00;;
66816;SDS011;53722;49.98758134;8.27325225;2023-08-20T08:14:12;7.95;;;4.78;;
66816;SDS011;53722;49.98758134;8.27325225;2023-08-20T08:16:38;9.43;;;3.80;;
66816;SDS011;53722;49.98758134;8.27325225;2023-08-20T08:19:03;4.38;;;3.97;;
66816;SDS011;53722;49.98758134;8.27325225;2023-08-20T08:21:29;11.00;;;4.73;;
66816;SDS011;53722;49.98758134;8.27325225;2023-08-20T08:23:54;6.70;;;4.43;;
66816;SDS011;53722;49.98758134;8.27325225;2023-08-20T08:26:23;11.05;;;4.85;;
66816;SDS011;53722;49.98758134;8.27325225;2023-08-20T08:28:48;8.23;;;4.40;;
66816;SDS011;53722;49.98758134;8.27325225;2023-08-20T08:31:13;5.23;;;4.63;;
66816;SDS011;53722;49.98758134;8.27325225;2023-08-20T08:33:39;5.00;;;4.50;;
66816;SDS011;53722;49.98758134;8.27325225;2023-08-20T08:36:04;5.15;;;4.65;;
66816;SDS011;53722;49.98758134;8.27325225;2023-08-20T08:38:29;6.37;;;5.03;;
66816;SDS011;53722;49.98758134;8.27325225;2023-08-20T08:40:55;6.83;;;5.00;;
66816;SDS011;53722;49.98758134;8.27325225;2023-08-20T08:43:21;7.72;;;5.25;;
66816;SDS011;53722;49.98758134;8.27325225;2023-08-20T08:45:47;6.28;;;4.38;;
66816;SDS011;53722;49.98758134;8.27325225;2023-08-20T08:48:15;8.85;;;5.00;;
66816;SDS011;53722;49.98758134;8.27325225;2023-08-20T08:50:42;6.18;;;5.03;;
66816;SDS011;53722;49.98758134;8.27325225;2023-08-20T08:53:07;8.32;;;4.78;;
66816;SDS011;53722;49.98758134;8.27325225;2023-08-20T08:55:33;6.38;;;5.05;;
66816;SDS011;53722;49.98758134;8.27325225;2023-08-20T08:57:58;9.23;;;5.20;;
66816;SDS011;53722;49.98758134;8.27325225;2023-08-20T09:00:24;6.10;;;4.67;;
66816;SDS011;53722;49.98758134;8.27325225;2023-08-20T09:02:49;9.48;;;5.05;;
66816;SDS011;53722;49.98758134;8.27325225;2023-08-20T09:05:14;6.07;;;5.00;;
66816;SDS011;53722;49.98758134;8.27325225;2023-08-20T09:07:43;6.38;;;4.90;;
66816;SDS011;53722;49.98758134;8.27325225;2023-08-20T09:10:09;5.47;;;4.72;;
66816;SDS011;53722;49.98758134;8.27325225;2023-08-20T09:12:35;6.63;;;4.50;;
66816;SDS011;53722;49.98758134;8.27325225;2023-08-20T09:15:01;6.35;;;4.57;;
66816;SDS011;53722;49.98758134;8.27325225;2023-08-20T09:17:26;5.18;;;4.68;;
66816;SDS011;53722;49.98758134;8.27325225;2023-08-20T09:19:53;6.38;;;4.70;;
66816;SDS011;53722;49.98758134;8.27325225;2023-08-20T09:22:20;6.70;;;4.85;;
66816;SDS011;53722;49.98758134;8.27325225;2023-08-20T09:24:51;8.00;;;4.40;;
66816;SDS011;53722;49.98758134;8.27325225;2023-08-20T09:29:50;7.27;;;4.93;;
66816;SDS011;53722;49.98758134;8.27325225;2023-08-20T09:32:19;5.30;;;4.53;;
66816;SDS011;53722;49.98758134;8.27325225;2023-08-20T09:34:48;4.63;;;4.22;;
66816;SDS011;53722;49.98758134;8.27325225;2023-08-20T09:37:15;6.57;;;4.88;;
66816;SDS011;53722;49.98758134;8.27325225;2023-08-20T09:39:43;4.82;;;4.32;;
66816;SDS011;53722;49.98758134;8.27325225;2023-08-20T09:42:09;7.20;;;4.35;;
66816;SDS011;53722;49.98758134;8.27325225;2023-08-20T09:44:35;5.53;;;4.32;;
66816;SDS011;53722;49.98758134;8.27325225;2023-08-20T09:47:02;4.63;;;4.22;;
66816;SDS011;53722;49.98758134;8.27325225;2023-08-20T09:49:30;4.90;;;4.40;;
66816;SDS011;53722;49.98758134;8.27325225;2023-08-20T09:52:02;5.07;;;4.32;;
66816;SDS011;53722;49.98758134;8.27325225;2023-08-20T09:54:42;4.63;;;4.22;;
66816;SDS011;53722;49.98758134;8.27325225;2023-08-20T09:57:20;6.55;;;4.93;;
66816;SDS011;53722;49.98758134;8.27325225;2023-08-20T10:00:09;7.35;;;3.92;;
66816;SDS011;53722;49.98758134;8.27325225;2023-08-20T10:02:36;4.60;;;4.22;;
66816;SDS011;53722;49.98758134;8.27325225;2023-08-20T10:05:11;5.88;;;4.13;;
66816;SDS011;53722;49.98758134;8.27325225;2023-08-20T10:07:38;9.43;;;4.85;;
66816;SDS011;53722;49.98758134;8.27325225;2023-08-20T10:10:04;5.65;;;4.50;;
66816;SDS011;53722;49.98758134;8.27325225;2023-08-20T10:12:31;8.07;;;4.22;;
66816;SDS011;53722;49.98758134;8.27325225;2023-08-20T10:14:58;8.48;;;4.68;;
66816;SDS011;53722;49.98758134;8.27325225;2023-08-20T10:17:24;4.63;;;4.22;;
66816;SDS011;53722;49.98758134;8.27325225;2023-08-20T10:19:51;5.05;;;4.50;;
66816;SDS011;53722;49.98758134;8.27325225;2023-08-20T10:22:17;4.40;;;3.88;;
66816;SDS011;53722;49.98758134;8.27325225;2023-08-20T10:24:49;5.07;;;4.57;;
66816;SDS011;53722;49.98758134;8.27325225;2023-08-20T10:27:32;5.43;;;5.03;;
66816;SDS011;53722;49.98758134;8.27325225;2023-08-20T10:29:59;5.30;;;4.75;;
66816;SDS011;53722;49.98758134;8.27325225;2023-08-20T10:32:43;5.18;;;4.63;;
66816;SDS011;53722;49.98758134;8.27325225;2023-08-20T10:35:22;5.43;;;4.65;;
66816;SDS011;53722;49.98758134;8.27325225;2023-08-20T10:38:00;6.22;;;4.85;;
66816;SDS011;53722;49.98758134;8.27325225;2023-08-20T10:48:28;4.72;;;3.70;;
66816;SDS011;53722;49.98758134;8.27325225;2023-08-20T10:50:55;4.25;;;3.85;;
66816;SDS011;53722;49.98758134;8.27325225;2023-08-20T10:53:21;7.15;;;4.40;;
66816;SDS011;53722;49.98758134;8.27325225;2023-08-20T10:55:48;4.95;;;4.45;;
66816;SDS011;53722;49.98758134;8.27325225;2023-08-20T10:58:13;4.78;;;3.97;;
66816;SDS011;53722;49.98758134;8.27325225;2023-08-20T11:00:39;5.17;;;4.40;;
66816;SDS011;53722;49.98758134;8.27325225;2023-08-20T11:03:04;4.82;;;4.30;;
66816;SDS011;53722;49.98758134;8.27325225;2023-08-20T11:05:30;4.22;;;3.83;;
66816;SDS011;53722;49.98758134;8.27325225;2023-08-20T11:07:56;4.88;;;4.10;;
66816;SDS011;53722;49.98758134;8.27325225;2023-08-20T11:10:22;5.68;;;4.07;;
66816;SDS011;53722;49.98758134;8.27325225;2023-08-20T11:12:48;4.85;;;4.35;;
66816;SDS011;53722;49.98758134;8.27325225;2023-08-20T11:15:14;5.63;;;3.70;;
66816;SDS011;53722;49.98758134;8.27325225;2023-08-20T11:17:45;5.60;;;3.42;;
66816;SDS011;53722;49.98758134;8.27325225;2023-08-20T11:20:14;4.28;;;3.63;;
66816;SDS011;53722;49.98758134;8.27325225;2023-08-20T11:22:40;4.45;;;3.60;;
66816;SDS011;53722;49.98758134;8.27325225;2023-08-20T11:25:06;3.70;;;3.35;;
66816;SDS011;53722;49.98758134;8.27325225;2023-08-20T11:27:35;5.65;;;3.13;;
66816;SDS011;53722;49.98758134;8.27325225;2023-08-20T11:30:00;3.90;;;3.07;;
66816;SDS011;53722;49.98758134;8.27325225;2023-08-20T11:32:25;5.33;;;3.40;;
66816;SDS011;53722;49.98758134;8.27325225;2023-08-20T11:34:51;4.10;;;3.17;;
66816;SDS011;53722;49.98758134;8.27325225;2023-08-20T11:37:23;3.67;;;3.00;;
66816;SDS011;53722;49.98758134;8.27325225;2023-08-20T11:39:48;3.42;;;2.67;;
66816;SDS011;53722;49.98758134;8.27325225;2023-08-20T11:42:14;3.53;;;3.05;;
66816;SDS011;53722;49.98758134;8.27325225;2023-08-20T11:44:45;3.97;;;2.80;;
66816;SDS011;53722;49.98758134;8.27325225;2023-08-20T11:47:18;2.53;;;2.33;;
66816;SDS011;53722;49.98758134;8.27325225;2023-08-20T11:49:44;6.07;;;2.90;;
66816;SDS011;53722;49.98758134;8.27325225;2023-08-20T11:52:10;5.78;;;2.83;;
66816;SDS011;53722;49.98758134;8.27325225;2023-08-20T11:54:38;3.60;;;2.85;;
66816;SDS011;53722;49.98758134;8.27325225;2023-08-20T11:57:04;5.95;;;2.70;;
66816;SDS011;53722;49.98758134;8.27325225;2023-08-20T11:59:30;3.10;;;2.65;;
66816;SDS011;53722;49.98758134;8.27325225;2023-08-20T12:02:00;5.18;;;2.78;;
66816;SDS011;53722;49.98758134;8.27325225;2023-08-20T12:04:27;2.85;;;2.30;;
66816;SDS011;53722;49.98758134;8.27325225;2023-08-20T12:07:04;3.17;;;2.63;;
66816;SDS011;53722;49.98758134;8.27325225;2023-08-20T12:09:31;6.60;;;2.30;;
66816;SDS011;53722;49.98758134;8.27325225;2023-08-20T12:11:57;5.03;;;2.80;;
66816;SDS011;53722;49.98758134;8.27325225;2023-08-20T12:14:23;3.58;;;2.17;;
66816;SDS011;53722;49.98758134;8.27325225;2023-08-20T12:16:49;2.63;;;2.10;;
66816;SDS011;53722;49.98758134;8.27325225;2023-08-20T12:19:16;2.22;;;2.00;;
66816;SDS011;53722;49.98758134;8.27325225;2023-08-20T12:21:41;2.03;;;1.83;;
66816;SDS011;53722;49.98758134;8.27325225;2023-08-20T12:24:08;3.17;;;2.10;;
66816;SDS011;53722;49.98758134;8.27325225;2023-08-20T12:26:34;2.85;;;2.05;;
66816;SDS011;53722;49.98758134;8.27325225;2023-08-20T12:29:00;3.08;;;2.08;;
66816;SDS011;53722;49.98758134;8.27325225;2023-08-20T12:31:25;2.97;;;2.35;;
66816;SDS011;53722;49.98758134;8.27325225;2023-08-20T12:33:50;3.77;;;2.10;;
66816;SDS011;53722;49.98758134;8.27325225;2023-08-20T12:36:16;2.80;;;2.17;;
66816;SDS011;53722;49.98758134;8.27325225;2023-08-20T12:38:41;2.87;;;2.40;;
66816;SDS011;53722;49.98758134;8.27325225;2023-08-20T12:41:06;2.40;;;2.20;;
66816;SDS011;53722;49.98758134;8.27325225;2023-08-20T12:43:32;4.30;;;2.60;;
66816;SDS011;53722;49.98758134;8.27325225;2023-08-20T12:45:57;3.33;;;2.50;;
66816;SDS011;53722;49.98758134;8.27325225;2023-08-20T12:48:23;5.37;;;3.00;;
66816;SDS011;53722;49.98758134;8.27325225;2023-08-20T12:50:48;2.70;;;2.20;;
66816;SDS011;53722;49.98758134;8.27325225;2023-08-20T12:53:14;3.25;;;2.53;;
66816;SDS011;53722;49.98758134;8.27325225;2023-08-20T12:55:39;3.75;;;2.30;;
66816;SDS011;53722;49.98758134;8.27325225;2023-08-20T12:58:04;3.45;;;2.60;;
66816;SDS011;53722;49.98758134;8.27325225;2023-08-20T13:00:29;3.73;;;2.67;;
66816;SDS011;53722;49.98758134;8.27325225;2023-08-20T13:02:55;4.25;;;2.50;;
66816;SDS011;53722;49.98758134;8.27325225;2023-08-20T13:05:22;3.70;;;2.42;;
66816;SDS011;53722;49.98758134;8.27325225;2023-08-20T13:07:48;3.25;;;2.50;;
66816;SDS011;53722;49.98758134;8.27325225;2023-08-20T13:10:13;2.63;;;2.25;;
66816;SDS011;53722;49.98758134;8.27325225;2023-08-20T13:12:41;2.50;;;2.35;;
66816;SDS011;53722;49.98758134;8.27325225;2023-08-20T13:15:07;3.08;;;2.20;;
66816;SDS011;53722;49.98758134;8.27325225;2023-08-20T13:17:35;5.70;;;2.70;;
66816;SDS011;53722;49.98758134;8.27325225;2023-08-20T13:20:02;4.03;;;2.80;;
66816;SDS011;53722;49.98758134;8.27325225;2023-08-20T13:22:27;3.80;;;2.60;;
66816;SDS011;53722;49.98758134;8.27325225;2023-08-20T13:24:53;2.37;;;2.00;;
66816;SDS011;53722;49.98758134;8.27325225;2023-08-20T13:27:18;2.63;;;2.40;;
66816;SDS011;53722;49.98758134;8.27325225;2023-08-20T13:29:43;4.80;;;1.70;;
66816;SDS011;53722;49.98758134;8.27325225;2023-08-20T13:32:09;2.85;;;2.00;;
66816;SDS011;53722;49.98758134;8.27325225;2023-08-20T13:34:34;2.65;;;1.90;;
66816;SDS011;53722;49.98758134;8.27325225;2023-08-20T13:36:59;2.50;;;2.10;;
66816;SDS011;53722;49.98758134;8.27325225;2023-08-20T13:39:25;2.57;;;2.00;;
66816;SDS011;53722;49.98758134;8.27325225;2023-08-20T13:41:50;3.80;;;2.30;;
66816;SDS011;53722;49.98758134;8.27325225;2023-08-20T13:44:16;3.75;;;1.83;;
66816;SDS011;53722;49.98758134;8.27325225;2023-08-20T13:46:41;2.77;;;2.40;;
66816;SDS011;53722;49.98758134;8.27325225;2023-08-20T13:49:06;3.25;;;2.33;;
66816;SDS011;53722;49.98758134;8.27325225;2023-08-20T13:51:32;5.20;;;2.70;;
66816;SDS011;53722;49.98758134;8.27325225;2023-08-20T13:53:57;3.33;;;2.50;;
66816;SDS011;53722;49.98758134;8.27325225;2023-08-20T13:56:23;3.55;;;2.72;;
66816;SDS011;53722;49.98758134;8.27325225;2023-08-20T13:58:49;5.68;;;2.95;;
66816;SDS011;53722;49.98758134;8.27325225;2023-08-20T14:01:14;3.03;;;2.47;;
66816;SDS011;53722;49.98758134;8.27325225;2023-08-20T14:03:40;5.15;;;2.90;;
66816;SDS011;53722;49.98758134;8.27325225;2023-08-20T14:06:05;6.43;;;2.67;;
66816;SDS011;53722;49.98758134;8.27325225;2023-08-20T14:08:31;3.38;;;2.70;;
66816;SDS011;53722;49.98758134;8.27325225;2023-08-20T14:10:57;3.30;;;2.22;;
66816;SDS011;53722;49.98758134;8.27325225;2023-08-20T14:13:23;2.50;;;2.30;;
66816;SDS011;53722;49.98758134;8.27325225;2023-08-20T14:15:48;2.97;;;2.40;;
66816;SDS011;53722;49.98758134;8.27325225;2023-08-20T14:18:13;2.95;;;2.55;;
66816;SDS011;53722;49.98758134;8.27325225;2023-08-20T14:20:39;2.93;;;2.40;;
66816;SDS011;53722;49.98758134;8.27325225;2023-08-20T14:23:04;4.63;;;2.30;;
66816;SDS011;53722;49.98758134;8.27325225;2023-08-20T14:25:29;3.15;;;2.35;;
66816;SDS011;53722;49.98758134;8.27325225;2023-08-20T14:27:55;2.75;;;2.45;;
66816;SDS011;53722;49.98758134;8.27325225;2023-08-20T14:30:20;4.43;;;2.50;;
66816;SDS011;53722;49.98758134;8.27325225;2023-08-20T14:32:45;3.67;;;2.58;;
66816;SDS011;53722;49.98758134;8.27325225;2023-08-20T14:35:11;2.40;;;2.20;;
66816;SDS011;53722;49.98758134;8.27325225;2023-08-20T14:37:37;2.53;;;2.30;;
66816;SDS011;53722;49.98758134;8.27325225;2023-08-20T14:40:02;2.10;;;1.90;;
66816;SDS011;53722;49.98758134;8.27325225;2023-08-20T14:42:30;3.60;;;2.00;;
66816;SDS011;53722;49.98758134;8.27325225;2023-08-20T14:44:56;2.50;;;2.30;;
66816;SDS011;53722;49.98758134;8.27325225;2023-08-20T14:47:21;3.35;;;2.50;;
66816;SDS011;53722;49.98758134;8.27325225;2023-08-20T14:49:47;2.40;;;2.20;;
66816;SDS011;53722;49.98758134;8.27325225;2023-08-20T14:52:12;3.50;;;2.20;;
66816;SDS011;53722;49.98758134;8.27325225;2023-08-20T14:54:37;2.90;;;2.53;;
66816;SDS011;53722;49.98758134;8.27325225;2023-08-20T14:57:03;2.20;;;2.00;;
66816;SDS011;53722;49.98758134;8.27325225;2023-08-20T14:59:28;2.33;;;2.13;;
66816;SDS011;53722;49.98758134;8.27325225;2023-08-20T15:01:54;4.65;;;2.45;;
66816;SDS011;53722;49.98758134;8.27325225;2023-08-20T15:04:19;3.25;;;2.22;;
66816;SDS011;53722;49.98758134;8.27325225;2023-08-20T15:06:44;2.42;;;2.10;;
66816;SDS011;53722;49.98758134;8.27325225;2023-08-20T15:09:10;2.70;;;2.50;;
66816;SDS011;53722;49.98758134;8.27325225;2023-08-20T15:11:40;6.97;;;2.67;;
66816;SDS011;53722;49.98758134;8.27325225;2023-08-20T15:14:08;2.63;;;2.40;;
66816;SDS011;53722;49.98758134;8.27325225;2023-08-20T15:16:34;2.85;;;2.50;;
66816;SDS011;53722;49.98758134;8.27325225;2023-08-20T15:19:00;3.28;;;2.45;;
66816;SDS011;53722;49.98758134;8.27325225;2023-08-20T15:21:26;3.50;;;2.70;;
66816;SDS011;53722;49.98758134;8.27325225;2023-08-20T15:23:51;3.55;;;2.40;;
66816;SDS011;53722;49.98758134;8.27325225;2023-08-20T15:26:17;4.03;;;2.78;;
66816;SDS011;53722;49.98758134;8.27325225;2023-08-20T15:28:42;3.17;;;2.30;;
66816;SDS011;53722;49.98758134;8.27325225;2023-08-20T15:31:07;4.47;;;2.17;;
66816;SDS011;53722;49.98758134;8.27325225;2023-08-20T15:33:33;3.10;;;2.45;;
66816;SDS011;53722;49.98758134;8.27325225;2023-08-20T15:35:59;3.72;;;2.40;;
66816;SDS011;53722;49.98758134;8.27325225;2023-08-20T15:38:24;6.63;;;2.85;;
66816;SDS011;53722;49.98758134;8.27325225;2023-08-20T15:40:50;2.83;;;2.60;;
66816;SDS011;53722;49.98758134;8.27325225;2023-08-20T15:43:15;3.42;;;2.70;;
66816;SDS011;53722;49.98758134;8.27325225;2023-08-20T15:45:41;3.88;;;2.63;;
66816;SDS011;53722;49.98758134;8.27325225;2023-08-20T15:48:06;2.83;;;2.60;;
66816;SDS011;53722;49.98758134;8.27325225;2023-08-20T15:50:32;5.05;;;2.67;;
66816;SDS011;53722;49.98758134;8.27325225;2023-08-20T15:52:58;3.60;;;2.58;;
66816;SDS011;53722;49.98758134;8.27325225;2023-08-20T15:55:23;3.40;;;2.60;;
66816;SDS011;53722;49.98758134;8.27325225;2023-08-20T15:57:49;3.50;;;2.60;;
66816;SDS011;53722;49.98758134;8.27325225;2023-08-20T16:00:15;5.40;;;2.50;;
66816;SDS011;53722;49.98758134;8.27325225;2023-08-20T16:02:44;2.80;;;2.42;;
66816;SDS011;53722;49.98758134;8.27325225;2023-08-20T16:05:10;3.47;;;2.45;;
66816;SDS011;53722;49.98758134;8.27325225;2023-08-20T16:07:36;4.68;;;2.60;;
66816;SDS011;53722;49.98758134;8.27325225;2023-08-20T16:10:02;5.32;;;2.80;;
66816;SDS011;53722;49.98758134;8.27325225;2023-08-20T16:12:29;2.92;;;2.45;;
66816;SDS011;53722;49.98758134;8.27325225;2023-08-20T16:14:55;3.45;;;2.30;;
66816;SDS011;53722;49.98758134;8.27325225;2023-08-20T16:17:20;3.00;;;2.47;;
66816;SDS011;53722;49.98758134;8.27325225;2023-08-20T16:19:45;4.10;;;2.70;;
66816;SDS011;53722;49.98758134;8.27325225;2023-08-20T16:22:11;8.40;;;3.83;;
66816;SDS011;53722;49.98758134;8.27325225;2023-08-20T16:24:36;9.20;;;3.23;;
66816;SDS011;53722;49.98758134;8.27325225;2023-08-20T16:27:01;3.07;;;2.67;;
66816;SDS011;53722;49.98758134;8.27325225;2023-08-20T16:29:28;4.78;;;3.15;;
66816;SDS011;53722;49.98758134;8.27325225;2023-08-20T16:31:54;4.43;;;2.63;;
66816;SDS011;53722;49.98758134;8.27325225;2023-08-20T16:34:19;5.38;;;2.33;;
66816;SDS011;53722;49.98758134;8.27325225;2023-08-20T16:36:45;3.15;;;2.63;;
66816;SDS011;53722;49.98758134;8.27325225;2023-08-20T16:39:10;5.17;;;3.23;;
66816;SDS011;53722;49.98758134;8.27325225;2023-08-20T16:41:36;5.45;;;3.97;;
66816;SDS011;53722;49.98758134;8.27325225;2023-08-20T16:44:01;3.30;;;2.42;;
66816;SDS011;53722;49.98758134;8.27325225;2023-08-20T16:46:27;3.08;;;2.65;;
66816;SDS011;53722;49.98758134;8.27325225;2023-08-20T16:48:52;3.20;;;2.78;;
66816;SDS011;53722;49.98758134;8.27325225;2023-08-20T16:51:18;2.97;;;2.67;;
66816;SDS011;53722;49.98758134;8.27325225;2023-08-20T16:53:43;2.70;;;2.50;;
66816;SDS011;53722;49.98758134;8.27325225;2023-08-20T16:56:09;4.47;;;2.90;;
66816;SDS011;53722;49.98758134;8.27325225;2023-08-20T16:58:34;3.30;;;2.57;;
66816;SDS011;53722;49.98758134;8.27325225;2023-08-20T17:00:59;3.53;;;2.57;;
66816;SDS011;53722;49.98758134;8.27325225;2023-08-20T17:03:25;4.38;;;2.95;;
66816;SDS011;53722;49.98758134;8.27325225;2023-08-20T17:06:08;4.95;;;2.90;;
66816;SDS011;53722;49.98758134;8.27325225;2023-08-20T17:08:33;6.10;;;3.03;;
66816;SDS011;53722;49.98758134;8.27325225;2023-08-20T17:11:03;5.03;;;3.30;;
66816;SDS011;53722;49.98758134;8.27325225;2023-08-20T17:13:32;4.85;;;3.28;;
66816;SDS011;53722;49.98758134;8.27325225;2023-08-20T17:15:58;5.85;;;3.28;;
66816;SDS011;53722;49.98758134;8.27325225;2023-08-20T17:18:23;5.03;;;3.35;;
66816;SDS011;53722;49.98758134;8.27325225;2023-08-20T17:20:49;4.38;;;3.40;;
66816;SDS011;53722;49.98758134;8.27325225;2023-08-20T17:23:14;4.50;;;3.40;;
66816;SDS011;53722;49.98758134;8.27325225;2023-08-20T17:25:40;4.93;;;3.05;;
66816;SDS011;53722;49.98758134;8.27325225;2023-08-20T17:28:06;3.47;;;3.17;;
66816;SDS011;53722;49.98758134;8.27325225;2023-08-20T17:30:31;3.42;;;3.13;;
66816;SDS011;53722;49.98758134;8.27325225;2023-08-20T17:32:56;4.27;;;3.57;;
66816;SDS011;53722;49.98758134;8.27325225;2023-08-20T17:35:22;3.57;;;3.27;;
66816;SDS011;53722;49.98758134;8.27325225;2023-08-20T17:37:47;4.50;;;3.45;;
66816;SDS011;53722;49.98758134;8.27325225;2023-08-20T17:40:13;4.57;;;3.38;;
66816;SDS011;53722;49.98758134;8.27325225;2023-08-20T17:42:38;5.75;;;3.70;;
66816;SDS011;53722;49.98758134;8.27325225;2023-08-20T17:45:04;4.72;;;3.47;;
66816;SDS011;53722;49.98758134;8.27325225;2023-08-20T17:47:30;3.95;;;3.38;;
66816;SDS011;53722;49.98758134;8.27325225;2023-08-20T17:49:55;3.93;;;3.40;;
66816;SDS011;53722;49.98758134;8.27325225;2023-08-20T17:52:20;3.83;;;3.53;;
66816;SDS011;53722;49.98758134;8.27325225;2023-08-20T17:54:46;5.15;;;3.50;;
66816;SDS011;53722;49.98758134;8.27325225;2023-08-20T17:57:12;4.57;;;3.23;;
66816;SDS011;53722;49.98758134;8.27325225;2023-08-20T17:59:37;7.40;;;3.83;;
66816;SDS011;53722;49.98758134;8.27325225;2023-08-20T18:02:03;7.10;;;3.75;;
66816;SDS011;53722;49.98758134;8.27325225;2023-08-20T18:04:29;9.07;;;3.90;;
66816;SDS011;53722;49.98758134;8.27325225;2023-08-20T18:06:54;8.73;;;3.70;;
66816;SDS011;53722;49.98758134;8.27325225;2023-08-20T18:09:19;6.43;;;3.70;;
66816;SDS011;53722;49.98758134;8.27325225;2023-08-20T18:11:45;4.47;;;3.67;;
66816;SDS011;53722;49.98758134;8.27325225;2023-08-20T18:14:10;4.87;;;3.43;;
66816;SDS011;53722;49.98758134;8.27325225;2023-08-20T18:16:35;4.20;;;3.50;;
66816;SDS011;53722;49.98758134;8.27325225;2023-08-20T18:19:01;5.13;;;3.43;;
66816;SDS011;53722;49.98758134;8.27325225;2023-08-20T18:21:27;5.18;;;3.80;;
66816;SDS011;53722;49.98758134;8.27325225;2023-08-20T18:23:53;5.35;;;3.78;;
66816;SDS011;53722;49.98758134;8.27325225;2023-08-20T18:26:18;6.82;;;3.40;;
66816;SDS011;53722;49.98758134;8.27325225;2023-08-20T18:28:43;5.72;;;3.45;;
66816;SDS011;53722;49.98758134;8.27325225;2023-08-20T18:31:09;4.37;;;3.20;;
66816;SDS011;53722;49.98758134;8.27325225;2023-08-20T18:33:34;5.90;;;3.75;;
66816;SDS011;53722;49.98758134;8.27325225;2023-08-20T18:35:59;6.60;;;3.60;;
66816;SDS011;53722;49.98758134;8.27325225;2023-08-20T18:40:57;4.82;;;3.60;;
66816;SDS011;53722;49.98758134;8.27325225;2023-08-20T18:43:26;4.28;;;3.33;;
66816;SDS011;53722;49.98758134;8.27325225;2023-08-20T18:45:51;3.80;;;3.50;;
66816;SDS011;53722;49.98758134;8.27325225;2023-08-20T18:48:17;5.22;;;3.95;;
66816;SDS011;53722;49.98758134;8.27325225;2023-08-20T18:50:42;5.45;;;3.35;;
66816;SDS011;53722;49.98758134;8.27325225;2023-08-20T18:53:07;3.77;;;3.30;;
66816;SDS011;53722;49.98758134;8.27325225;2023-08-20T18:55:33;4.63;;;3.70;;
66816;SDS011;53722;49.98758134;8.27325225;2023-08-20T18:57:58;3.57;;;3.27;;
66816;SDS011;53722;49.98758134;8.27325225;2023-08-20T19:00:24;5.88;;;3.63;;
66816;SDS011;53722;49.98758134;8.27325225;2023-08-20T19:02:51;5.32;;;3.80;;
66816;SDS011;53722;49.98758134;8.27325225;2023-08-20T19:05:16;4.72;;;3.70;;
66816;SDS011;53722;49.98758134;8.27325225;2023-08-20T19:07:42;4.30;;;3.90;;
66816;SDS011;53722;49.98758134;8.27325225;2023-08-20T19:10:12;5.15;;;3.63;;
66816;SDS011;53722;49.98758134;8.27325225;2023-08-20T19:12:40;4.47;;;3.63;;
66816;SDS011;53722;49.98758134;8.27325225;2023-08-20T19:15:06;6.00;;;3.80;;
66816;SDS011;53722;49.98758134;8.27325225;2023-08-20T19:17:31;4.85;;;3.72;;
66816;SDS011;53722;49.98758134;8.27325225;2023-08-20T19:19:56;3.50;;;3.07;;
66816;SDS011;53722;49.98758134;8.27325225;2023-08-20T19:22:22;4.90;;;3.87;;
66816;SDS011;53722;49.98758134;8.27325225;2023-08-20T19:24:48;4.45;;;3.58;;
66816;SDS011;53722;49.98758134;8.27325225;2023-08-20T19:27:14;4.05;;;3.60;;
66816;SDS011;53722;49.98758134;8.27325225;2023-08-20T19:29:39;6.13;;;4.10;;
66816;SDS011;53722;49.98758134;8.27325225;2023-08-20T19:32:05;5.18;;;3.50;;
66816;SDS011;53722;49.98758134;8.27325225;2023-08-20T19:34:31;4.38;;;3.95;;
66816;SDS011;53722;49.98758134;8.27325225;2023-08-20T19:36:56;4.07;;;3.42;;
66816;SDS011;53722;49.98758134;8.27325225;2023-08-20T19:39:22;4.27;;;3.70;;
66816;SDS011;53722;49.98758134;8.27325225;2023-08-20T19:41:47;5.32;;;3.28;;
66816;SDS011;53722;49.98758134;8.27325225;2023-08-20T19:44:13;7.10;;;3.28;;
66816;SDS011;53722;49.98758134;8.27325225;2023-08-20T19:46:38;7.53;;;3.67;;
66816;SDS011;53722;49.98758134;8.27325225;2023-08-20T19:49:03;4.93;;;3.65;;
66816;SDS011;53722;49.98758134;8.27325225;2023-08-20T19:51:29;11.90;;;3.77;;
66816;SDS011;53722;49.98758134;8.27325225;2023-08-20T19:53:54;8.20;;;4.07;;
66816;SDS011;53722;49.98758134;8.27325225;2023-08-20T19:56:19;8.37;;;3.73;;
66816;SDS011;53722;49.98758134;8.27325225;2023-08-20T19:58:45;4.47;;;3.63;;
66816;SDS011;53722;49.98758134;8.27325225;2023-08-20T20:01:10;4.90;;;3.50;;
66816;SDS011;53722;49.98758134;8.27325225;2023-08-20T20:03:35;6.03;;;3.40;;
66816;SDS011;53722;49.98758134;8.27325225;2023-08-20T20:06:01;5.40;;;3.60;;
66816;SDS011;53722;49.98758134;8.27325225;2023-08-20T20:08:27;6.05;;;3.58;;
66816;SDS011;53722;49.98758134;8.27325225;2023-08-20T20:10:52;6.90;;;3.95;;
66816;SDS011;53722;49.98758134;8.27325225;2023-08-20T20:13:18;3.40;;;3.10;;
66816;SDS011;53722;49.98758134;8.27325225;2023-08-20T20:15:43;4.40;;;3.53;;
66816;SDS011;53722;49.98758134;8.27325225;2023-08-20T20:18:09;4.65;;;3.85;;
66816;SDS011;53722;49.98758134;8.27325225;2023-08-20T20:20:34;5.53;;;4.18;;
66816;SDS011;53722;49.98758134;8.27325225;2023-08-20T20:23:00;5.35;;;3.97;;
66816;SDS011;53722;49.98758134;8.27325225;2023-08-20T20:25:25;5.30;;;3.90;;
66816;SDS011;53722;49.98758134;8.27325225;2023-08-20T20:27:51;6.00;;;4.10;;
66816;SDS011;53722;49.98758134;8.27325225;2023-08-20T20:30:16;6.87;;;4.13;;
66816;SDS011;53722;49.98758134;8.27325225;2023-08-20T20:32:42;6.03;;;4.00;;
66816;SDS011;53722;49.98758134;8.27325225;2023-08-20T20:35:07;6.80;;;3.90;;
66816;SDS011;53722;49.98758134;8.27325225;2023-08-20T20:37:33;4.28;;;3.85;;
66816;SDS011;53722;49.98758134;8.27325225;2023-08-20T20:39:59;4.80;;;3.85;;
66816;SDS011;53722;49.98758134;8.27325225;2023-08-20T20:42:25;6.00;;;4.07;;
66816;SDS011;53722;49.98758134;8.27325225;2023-08-20T20:44:50;5.63;;;4.20;;
66816;SDS011;53722;49.98758134;8.27325225;2023-08-20T20:47:15;3.90;;;3.60;;
66816;SDS011;53722;49.98758134;8.27325225;2023-08-20T20:49:41;4.57;;;3.70;;
66816;SDS011;53722;49.98758134;8.27325225;2023-08-20T20:52:07;8.48;;;3.78;;
66816;SDS011;53722;49.98758134;8.27325225;2023-08-20T20:54:33;6.72;;;3.70;;
66816;SDS011;53722;49.98758134;8.27325225;2023-08-20T20:56:58;4.80;;;3.83;;
66816;SDS011;53722;49.98758134;8.27325225;2023-08-20T20:59:24;5.90;;;3.90;;
66816;SDS011;53722;49.98758134;8.27325225;2023-08-20T21:01:49;4.28;;;3.70;;
66816;SDS011;53722;49.98758134;8.27325225;2023-08-20T21:04:15;6.67;;;3.60;;
66816;SDS011;53722;49.98758134;8.27325225;2023-08-20T21:06:40;4.87;;;4.10;;
66816;SDS011;53722;49.98758134;8.27325225;2023-08-20T21:09:05;5.03;;;3.60;;
66816;SDS011;53722;49.98758134;8.27325225;2023-08-20T21:11:31;6.47;;;3.90;;
66816;SDS011;53722;49.98758134;8.27325225;2023-08-20T21:13:56;5.55;;;3.85;;
66816;SDS011;53722;49.98758134;8.27325225;2023-08-20T21:16:22;5.70;;;3.70;;
66816;SDS011;53722;49.98758134;8.27325225;2023-08-20T21:18:47;5.50;;;4.45;;
66816;SDS011;53722;49.98758134;8.27325225;2023-08-20T21:21:12;4.10;;;3.70;;
66816;SDS011;53722;49.98758134;8.27325225;2023-08-20T21:23:41;7.70;;;3.28;;
66816;SDS011;53722;49.98758134;8.27325225;2023-08-20T21:26:06;4.93;;;3.78;;
66816;SDS011;53722;49.98758134;8.27325225;2023-08-20T21:28:32;6.85;;;3.88;;
66816;SDS011;53722;49.98758134;8.27325225;2023-08-20T21:30:58;5.00;;;3.58;;
66816;SDS011;53722;49.98758134;8.27325225;2023-08-20T21:33:23;4.43;;;3.70;;
66816;SDS011;53722;49.98758134;8.27325225;2023-08-20T21:35:48;4.73;;;3.90;;
66816;SDS011;53722;49.98758134;8.27325225;2023-08-20T21:38:14;4.93;;;3.60;;
66816;SDS011;53722;49.98758134;8.27325225;2023-08-20T21:40:39;4.90;;;4.20;;
66816;SDS011;53722;49.98758134;8.27325225;2023-08-20T21:43:04;5.00;;;4.30;;
66816;SDS011;53722;49.98758134;8.27325225;2023-08-20T21:45:29;4.78;;;4.20;;
66816;SDS011;53722;49.98758134;8.27325225;2023-08-20T21:47:55;4.53;;;4.13;;
66816;SDS011;53722;49.98758134;8.27325225;2023-08-20T21:50:20;5.20;;;4.00;;
66816;SDS011;53722;49.98758134;8.27325225;2023-08-20T21:52:45;10.30;;;3.90;;
66816;SDS011;53722;49.98758134;8.27325225;2023-08-20T21:55:11;5.88;;;4.28;;
66816;SDS011;53722;49.98758134;8.27325225;2023-08-20T21:57:38;7.38;;;4.10;;
66816;SDS011;53722;49.98758134;8.27325225;2023-08-20T22:00:04;6.68;;;4.30;;
66816;SDS011;53722;49.98758134;8.27325225;2023-08-20T22:02:43;6.68;;;4.20;;
66816;SDS011;53722;49.98758134;8.27325225;2023-08-20T22:05:16;6.78;;;4.50;;
66816;SDS011;53722;49.98758134;8.27325225;2023-08-20T22:07:44;4.70;;;4.13;;
66816;SDS011;53722;49.98758134;8.27325225;2023-08-20T22:10:11;5.18;;;4.10;;
66816;SDS011;53722;49.98758134;8.27325225;2023-08-20T22:12:37;7.07;;;3.85;;
66816;SDS011;53722;49.98758134;8.27325225;2023-08-20T22:15:04;5.38;;;4.25;;
66816;SDS011;53722;49.98758134;8.27325225;2023-08-20T22:17:30;5.53;;;4.38;;
66816;SDS011;53722;49.98758134;8.27325225;2023-08-20T22:19:56;4.80;;;4.37;;
66816;SDS011;53722;49.98758134;8.27325225;2023-08-20T22:22:21;5.23;;;4.57;;
66816;SDS011;53722;49.98758134;8.27325225;2023-08-20T22:24:46;5.00;;;4.50;;
66816;SDS011;53722;49.98758134;8.27325225;2023-08-20T22:27:12;5.27;;;4.53;;
66816;SDS011;53722;49.98758134;8.27325225;2023-08-20T22:29:37;8.03;;;4.90;;
66816;SDS011;53722;49.98758134;8.27325225;2023-08-20T22:32:02;5.67;;;4.20;;
66816;SDS011;53722;49.98758134;8.27325225;2023-08-20T22:34:28;7.93;;;4.63;;
66816;SDS011;53722;49.98758134;8.27325225;2023-08-20T22:36:53;9.93;;;4.73;;
66816;SDS011;53722;49.98758134;8.27325225;2023-08-20T22:39:18;7.23;;;4.07;;
66816;SDS011;53722;49.98758134;8.27325225;2023-08-20T22:41:44;7.88;;;4.32;;
66816;SDS011;53722;49.98758134;8.27325225;2023-08-20T22:44:10;7.40;;;4.50;;
66816;SDS011;53722;49.98758134;8.27325225;2023-08-20T22:46:35;6.43;;;4.20;;
66816;SDS011;53722;49.98758134;8.27325225;2023-08-20T22:49:00;7.05;;;4.40;;
66816;SDS011;53722;49.98758134;8.27325225;2023-08-20T22:51:26;7.13;;;4.28;;
66816;SDS011;53722;49.98758134;8.27325225;2023-08-20T22:53:52;5.93;;;4.55;;
66816;SDS011;53722;49.98758134;8.27325225;2023-08-20T22:56:18;5.38;;;4.32;;
66816;SDS011;53722;49.98758134;8.27325225;2023-08-20T22:58:43;6.17;;;4.30;;
66816;SDS011;53722;49.98758134;8.27325225;2023-08-20T23:01:09;6.85;;;4.53;;
66816;SDS011;53722;49.98758134;8.27325225;2023-08-20T23:03:35;5.43;;;4.35;;
66816;SDS011;53722;49.98758134;8.27325225;2023-08-20T23:06:00;6.17;;;4.13;;
66816;SDS011;53722;49.98758134;8.27325225;2023-08-20T23:08:26;5.43;;;4.33;;
66816;SDS011;53722;49.98758134;8.27325225;2023-08-20T23:10:51;5.20;;;4.35;;
66816;SDS011;53722;49.98758134;8.27325225;2023-08-20T23:13:16;5.63;;;3.90;;
66816;SDS011;53722;49.98758134;8.27325225;2023-08-20T23:15:42;6.20;;;4.45;;
66816;SDS011;53722;49.98758134;8.27325225;2023-08-20T23:18:07;5.47;;;4.40;;
66816;SDS011;53722;49.98758134;8.27325225;2023-08-20T23:20:32;5.65;;;4.75;;
66816;SDS011;53722;49.98758134;8.27325225;2023-08-20T23:22:58;7.03;;;4.72;;
66816;SDS011;53722;49.98758134;8.27325225;2023-08-20T23:25:23;6.93;;;5.03;;
66816;SDS011;53722;49.98758134;8.27325225;2023-08-20T23:27:49;5.27;;;4.77;;
66816;SDS011;53722;49.98758134;8.27325225;2023-08-20T23:30:14;6.20;;;4.97;;
66816;SDS011;53722;49.98758134;8.27325225;2023-08-20T23:32:41;6.65;;;4.78;;
66816;SDS011;53722;49.98758134;8.27325225;2023-08-20T23:35:09;6.28;;;4.97;;
66816;SDS011;53722;49.98758134;8.27325225;2023-08-20T23:37:35;9.27;;;4.78;;
66816;SDS011;53722;49.98758134;8.27325225;2023-08-20T23:40:01;4.40;;;4.00;;
66816;SDS011;53722;49.98758134;8.27325225;2023-08-20T23:42:26;5.47;;;4.40;;
66816;SDS011;53722;49.98758134;8.27325225;2023-08-20T23:44:51;5.07;;;4.60;;
66816;SDS011;53722;49.98758134;8.27325225;2023-08-20T23:47:17;5.13;;;4.60;;
66816;SDS011;53722;49.98758134;8.27325225;2023-08-20T23:49:42;7.03;;;4.93;;
66816;SDS011;53722;49.98758134;8.27325225;2023-08-20T23:52:07;8.13;;;4.88;;
66816;SDS011;53722;49.98758134;8.27325225;2023-08-20T23:54:33;5.22;;;4.60;;
66816;SDS011;53722;49.98758134;8.27325225;2023-08-20T23:56:58;7.10;;;4.43;;
66816;SDS011;53722;49.98758134;8.27325225;2023-08-20T23:59:23;5.63;;;5.10;;
