sensor_id;sensor_type;location;lat;lon;timestamp;P1;durP1;ratioP1;P2;durP2;ratioP2
10701;SDS011;5402;50.004;8.246;2024-06-15T00:00:58;8.50;;;7.13;;
10701;SDS011;5402;50.004;8.246;2024-06-15T00:03:32;7.83;;;6.70;;
10701;SDS011;5402;50.004;8.246;2024-06-15T00:06:03;8.53;;;6.33;;
10701;SDS011;5402;50.004;8.246;2024-06-15T00:08:32;6.87;;;6.27;;
10701;SDS011;5402;50.004;8.246;2024-06-15T00:11:01;10.00;;;6.63;;
10701;SDS011;5402;50.004;8.246;2024-06-15T00:13:29;8.17;;;7.13;;
10701;SDS011;5402;50.004;8.246;2024-06-15T00:16:02;8.03;;;6.23;;
10701;SDS011;5402;50.004;8.246;2024-06-15T00:18:33;8.13;;;6.40;;
10701;SDS011;5402;50.004;8.246;2024-06-15T00:21:03;8.90;;;6.30;;
10701;SDS011;5402;50.004;8.246;2024-06-15T00:23:33;6.30;;;5.60;;
10701;SDS011;5402;50.004;8.246;2024-06-15T00:26:02;7.03;;;6.33;;
10701;SDS011;5402;50.004;8.246;2024-06-15T00:28:31;10.10;;;7.33;;
10701;SDS011;5402;50.004;8.246;2024-06-15T00:30:59;7.73;;;6.60;;
10701;SDS011;5402;50.004;8.246;2024-06-15T00:33:29;7.60;;;6.90;;
10701;SDS011;5402;50.004;8.246;2024-06-15T00:36:01;7.97;;;7.17;;
10701;SDS011;5402;50.004;8.246;2024-06-15T00:38:29;8.10;;;7.30;;
10701;SDS011;5402;50.004;8.246;2024-06-15T00:40:59;7.90;;;7.10;;
10701;SDS011;5402;50.004;8.246;2024-06-15T00:43:27;7.50;;;6.70;;
10701;SDS011;5402;50.004;8.246;2024-06-15T00:45:55;7.50;;;6.50;;
10701;SDS011;5402;50.004;8.246;2024-06-15T00:48:22;8.23;;;6.43;;
10701;SDS011;5402;50.004;8.246;2024-06-15T00:50:50;7.67;;;6.77;;
10701;SDS011;5402;50.004;8.246;2024-06-15T00:53:22;7.77;;;6.93;;
10701;SDS011;5402;50.004;8.246;2024-06-15T00:55:50;9.10;;;7.40;;
10701;SDS011;5402;50.004;8.246;2024-06-15T00:58:20;8.50;;;7.33;;
10701;SDS011;5402;50.004;8.246;2024-06-15T01:00:49;8.97;;;8.07;;
10701;SDS011;5402;50.004;8.246;2024-06-15T01:03:19;8.97;;;8.03;;
10701;SDS011;5402;50.004;8.246;2024-06-15T01:05:48;9.37;;;8.37;;
10701;SDS011;5402;50.004;8.246;2024-06-15T01:08:17;10.33;;;8.87;;
10701;SDS011;5402;50.004;8.246;2024-06-15T01:10:48;11.30;;;8.93;;
10701;SDS011;5402;50.004;8.246;2024-06-15T01:13:16;9.47;;;8.30;;
10701;SDS011;5402;50.004;8.246;2024-06-15T01:15:45;8.07;;;7.27;;
10701;SDS011;5402;50.004;8.246;2024-06-15T01:18:14;10.90;;;7.40;;
10701;SDS011;5402;50.004;8.246;2024-06-15T01:20:42;8.43;;;6.90;;
10701;SDS011;5402;50.004;8.246;2024-06-15T01:23:13;8.60;;;7.23;;
10701;SDS011;5402;50.004;8.246;2024-06-15T01:25:41;9.73;;;6.80;;
10701;SDS011;5402;50.004;8.246;2024-06-15T01:28:09;8.57;;;6.80;;
10701;SDS011;5402;50.004;8.246;2024-06-15T01:30:38;8.17;;;6.80;;
10701;SDS011;5402;50.004;8.246;2024-06-15T01:33:06;7.87;;;6.13;;
10701;SDS011;5402;50.004;8.246;2024-06-15T01:35:35;8.00;;;6.43;;
10701;SDS011;5402;50.004;8.246;2024-06-15T01:38:03;7.63;;;6.30;;
10701;SDS011;5402;50.004;8.246;2024-06-15T01:40:34;9.27;;;6.50;;
10701;SDS011;5402;50.004;8.246;2024-06-15T01:43:03;7.73;;;6.27;;
10701;SDS011;5402;50.004;8.246;2024-06-15T01:45:31;7.17;;;6.33;;
10701;SDS011;5402;50.004;8.246;2024-06-15T01:47:59;9.13;;;6.90;;
10701;SDS011;5402;50.004;8.246;2024-06-15T01:50:28;8.87;;;7.27;;
10701;SDS011;5402;50.004;8.246;2024-06-15T01:52:57;7.90;;;7.10;;
10701;SDS011;5402;50.004;8.246;2024-06-15T01:55:25;8.27;;;7.20;;
10701;SDS011;5402;50.004;8.246;2024-06-15T01:57:56;9.00;;;6.90;;
10701;SDS011;5402;50.004;8.246;2024-06-15T02:00:26;8.97;;;7.17;;
10701;SDS011;5402;50.004;8.246;2024-06-15T02:02:55;8.00;;;7.20;;
10701;SDS011;5402;50.004;8.246;2024-06-15T02:05:23;8.93;;;6.93;;
10701;SDS011;5402;50.004;8.246;2024-06-15T02:07:51;8.20;;;6.57;;
10701;SDS011;5402;50.004;8.246;2024-06-15T02:10:20;8.10;;;7.30;;
10701;SDS011;5402;50.004;8.246;2024-06-15T02:12:48;7.77;;;6.27;;
10701;SDS011;5402;50.004;8.246;2024-06-15T02:15:19;8.40;;;6.20;;
10701;SDS011;5402;50.004;8.246;2024-06-15T02:17:47;6.47;;;5.87;;
10701;SDS011;5402;50.004;8.246;2024-06-15T02:20:15;7.67;;;6.00;;
10701;SDS011;5402;50.004;8.246;2024-06-15T02:22:44;6.13;;;5.53;;
10701;SDS011;5402;50.004;8.246;2024-06-15T02:25:14;8.37;;;6.43;;
10701;SDS011;5402;50.004;8.246;2024-06-15T02:27:42;6.20;;;5.37;;
10701;SDS011;5402;50.004;8.246;2024-06-15T02:30:11;6.53;;;5.63;;
10701;SDS011;5402;50.004;8.246;2024-06-15T02:32:42;6.37;;;5.00;;
10701;SDS011;5402;50.004;8.246;2024-06-15T02:35:10;5.80;;;4.90;;
10701;SDS011;5402;50.004;8.246;2024-06-15T02:37:39;4.67;;;4.23;;
10701;SDS011;5402;50.004;8.246;2024-06-15T02:40:08;5.20;;;4.37;;
10701;SDS011;5402;50.004;8.246;2024-06-15T02:42:36;5.67;;;4.40;;
10701;SDS011;5402;50.004;8.246;2024-06-15T02:45:05;4.57;;;4.00;;
10701;SDS011;5402;50.004;8.246;2024-06-15T02:47:34;6.47;;;4.63;;
10701;SDS011;5402;50.004;8.246;2024-06-15T02:50:05;4.30;;;3.67;;
10701;SDS011;5402;50.004;8.246;2024-06-15T02:52:34;4.50;;;4.10;;
10701;SDS011;5402;50.004;8.246;2024-06-15T02:55:04;4.23;;;3.40;;
10701;SDS011;5402;50.004;8.246;2024-06-15T02:57:35;3.40;;;2.70;;
10701;SDS011;5402;50.004;8.246;2024-06-15T03:00:03;2.80;;;2.60;;
10701;SDS011;5402;50.004;8.246;2024-06-15T03:02:32;3.57;;;2.50;;
10701;SDS011;5402;50.004;8.246;2024-06-15T03:05:05;0.00;;;0.00;;
10701;SDS011;5402;50.004;8.246;2024-06-15T03:07:34;0.00;;;0.00;;
10701;SDS011;5402;50.004;8.246;2024-06-15T03:10:02;0.00;;;0.00;;
10701;SDS011;5402;50.004;8.246;2024-06-15T03:12:31;0.93;;;0.47;;
10701;SDS011;5402;50.004;8.246;2024-06-15T03:15:00;0.00;;;0.00;;
10701;SDS011;5402;50.004;8.246;2024-06-15T03:17:28;0.00;;;0.00;;
10701;SDS011;5402;50.004;8.246;2024-06-15T03:19:57;0.00;;;0.00;;
10701;SDS011;5402;50.004;8.246;2024-06-15T03:22:28;0.00;;;0.00;;
10701;SDS011;5402;50.004;8.246;2024-06-15T03:24:56;0.00;;;0.00;;
10701;SDS011;5402;50.004;8.246;2024-06-15T03:27:25;0.00;;;0.00;;
10701;SDS011;5402;50.004;8.246;2024-06-15T03:29:55;0.00;;;0.00;;
10701;SDS011;5402;50.004;8.246;2024-06-15T03:32:23;0.00;;;0.00;;
10701;SDS011;5402;50.004;8.246;2024-06-15T03:34:53;0.00;;;0.00;;
10701;SDS011;5402;50.004;8.246;2024-06-15T03:37:21;0.00;;;0.00;;
10701;SDS011;5402;50.004;8.246;2024-06-15T03:39:52;0.00;;;0.00;;
10701;SDS011;5402;50.004;8.246;2024-06-15T03:42:21;0.00;;;0.00;;
10701;SDS011;5402;50.004;8.246;2024-06-15T03:44:49;0.00;;;0.00;;
10701;SDS011;5402;50.004;8.246;2024-06-15T03:47:18;0.00;;;0.00;;
10701;SDS011;5402;50.004;8.246;2024-06-15T03:49:46;0.10;;;0.10;;
10701;SDS011;5402;50.004;8.246;2024-06-15T03:52:15;0.10;;;0.10;;
10701;SDS011;5402;50.004;8.246;2024-06-15T03:54:43;0.00;;;0.00;;
10701;SDS011;5402;50.004;8.246;2024-06-15T03:57:16;0.00;;;0.00;;
10701;SDS011;5402;50.004;8.246;2024-06-15T03:59:48;0.00;;;0.00;;
10701;SDS011;5402;50.004;8.246;2024-06-15T04:02:16;0.00;;;0.00;;
10701;SDS011;5402;50.004;8.246;2024-06-15T04:04:45;0.00;;;0.00;;
10701;SDS011;5402;50.004;8.246;2024-06-15T04:07:13;0.00;;;0.00;;
10701;SDS011;5402;50.004;8.246;2024-06-15T04:09:42;0.00;;;0.00;;
10701;SDS011;5402;50.004;8.246;2024-06-15T04:12:10;0.00;;;0.00;;
10701;SDS011;5402;50.004;8.246;2024-06-15T04:14:41;0.00;;;0.00;;
10701;SDS011;5402;50.004;8.246;2024-06-15T04:17:10;0.00;;;0.00;;
10701;SDS011;5402;50.004;8.246;2024-06-15T04:19:38;0.00;;;0.00;;
10701;SDS011;5402;50.004;8.246;2024-06-15T04:22:06;0.00;;;0.00;;
10701;SDS011;5402;50.004;8.246;2024-06-15T04:24:35;0.00;;;0.00;;
10701;SDS011;5402;50.004;8.246;2024-06-15T04:27:03;0.00;;;0.00;;
10701;SDS011;5402;50.004;8.246;2024-06-15T04:29:32;0.00;;;0.00;;
10701;SDS011;5402;50.004;8.246;2024-06-15T04:32:04;0.00;;;0.00;;
10701;SDS011;5402;50.004;8.246;2024-06-15T04:34:36;0.00;;;0.00;;
10701;SDS011;5402;50.004;8.246;2024-06-15T04:37:05;0.00;;;0.00;;
10701;SDS011;5402;50.004;8.246;2024-06-15T04:39:33;0.00;;;0.00;;
10701;SDS011;5402;50.004;8.246;2024-06-15T04:42:01;0.00;;;0.00;;
10701;SDS011;5402;50.004;8.246;2024-06-15T04:44:31;0.00;;;0.00;;
10701;SDS011;5402;50.004;8.246;2024-06-15T04:46:59;0.00;;;0.00;;
10701;SDS011;5402;50.004;8.246;2024-06-15T04:49:30;0.00;;;0.00;;
10701;SDS011;5402;50.004;8.246;2024-06-15T04:51:59;0.00;;;0.00;;
10701;SDS011;5402;50.004;8.246;2024-06-15T04:54:27;0.00;;;0.00;;
10701;SDS011;5402;50.004;8.246;2024-06-15T04:56:56;0.00;;;0.00;;
10701;SDS011;5402;50.004;8.246;2024-06-15T04:59:24;0.00;;;0.00;;
10701;SDS011;5402;50.004;8.246;2024-06-15T05:01:52;0.00;;;0.00;;
10701;SDS011;5402;50.004;8.246;2024-06-15T05:04:21;0.00;;;0.00;;
10701;SDS011;5402;50.004;8.246;2024-06-15T05:06:51;0.00;;;0.00;;
10701;SDS011;5402;50.004;8.246;2024-06-15T05:09:20;0.00;;;0.00;;
10701;SDS011;5402;50.004;8.246;2024-06-15T05:11:49;0.00;;;0.00;;
10701;SDS011;5402;50.004;8.246;2024-06-15T05:14:19;0.00;;;0.00;;
10701;SDS011;5402;50.004;8.246;2024-06-15T05:16:47;0.00;;;0.00;;
10701;SDS011;5402;50.004;8.246;2024-06-15T05:19:17;0.00;;;0.00;;
10701;SDS011;5402;50.004;8.246;2024-06-15T05:21:47;0.00;;;0.00;;
10701;SDS011;5402;50.004;8.246;2024-06-15T05:24:18;0.00;;;0.00;;
10701;SDS011;5402;50.004;8.246;2024-06-15T05:26:46;0.00;;;0.00;;
10701;SDS011;5402;50.004;8.246;2024-06-15T05:29:15;0.00;;;0.00;;
10701;SDS011;5402;50.004;8.246;2024-06-15T05:31:43;0.20;;;0.20;;
10701;SDS011;5402;50.004;8.246;2024-06-15T05:34:11;0.00;;;0.00;;
10701;SDS011;5402;50.004;8.246;2024-06-15T05:36:40;0.00;;;0.00;;
10701;SDS011;5402;50.004;8.246;2024-06-15T05:39:09;0.00;;;0.00;;
10701;SDS011;5402;50.004;8.246;2024-06-15T05:41:40;0.00;;;0.00;;
10701;SDS011;5402;50.004;8.246;2024-06-15T05:44:08;0.00;;;0.00;;
10701;SDS011;5402;50.004;8.246;2024-06-15T05:46:37;0.00;;;0.00;;
10701;SDS011;5402;50.004;8.246;2024-06-15T05:49:05;0.00;;;0.00;;
10701;SDS011;5402;50.004;8.246;2024-06-15T05:51:34;0.00;;;0.00;;
10701;SDS011;5402;50.004;8.246;2024-06-15T05:54:03;0.00;;;0.00;;
10701;SDS011;5402;50.004;8.246;2024-06-15T05:56:33;0.00;;;0.00;;
10701;SDS011;5402;50.004;8.246;2024-06-15T05:59:08;0.00;;;0.00;;
10701;SDS011;5402;50.004;8.246;2024-06-15T06:01:36;0.00;;;0.00;;
10701;SDS011;5402;50.004;8.246;2024-06-15T06:04:05;0.00;;;0.00;;
10701;SDS011;5402;50.004;8.246;2024-06-15T06:06:33;0.00;;;0.00;;
10701;SDS011;5402;50.004;8.246;2024-06-15T06:09:11;0.00;;;0.00;;
10701;SDS011;5402;50.004;8.246;2024-06-15T06:11:43;0.00;;;0.00;;
10701;SDS011;5402;50.004;8.246;2024-06-15T06:14:14;0.00;;;0.00;;
10701;SDS011;5402;50.004;8.246;2024-06-15T06:16:42;0.00;;;0.00;;
10701;SDS011;5402;50.004;8.246;2024-06-15T06:19:10;0.00;;;0.00;;
10701;SDS011;5402;50.004;8.246;2024-06-15T06:21:40;0.00;;;0.00;;
10701;SDS011;5402;50.004;8.246;2024-06-15T06:24:08;0.00;;;0.00;;
10701;SDS011;5402;50.004;8.246;2024-06-15T06:26:37;0.00;;;0.00;;
10701;SDS011;5402;50.004;8.246;2024-06-15T06:29:11;0.00;;;0.00;;
10701;SDS011;5402;50.004;8.246;2024-06-15T06:31:39;1.40;;;1.30;;
10701;SDS011;5402;50.004;8.246;2024-06-15T06:34:08;0.00;;;0.00;;
10701;SDS011;5402;50.004;8.246;2024-06-15T06:36:37;0.00;;;0.00;;
10701;SDS011;5402;50.004;8.246;2024-06-15T06:39:05;0.00;;;0.00;;
10701;SDS011;5402;50.004;8.246;2024-06-15T06:41:34;0.00;;;0.00;;
10701;SDS011;5402;50.004;8.246;2024-06-15T06:44:03;0.00;;;0.00;;
10701;SDS011;5402;50.004;8.246;2024-06-15T06:46:35;0.00;;;0.00;;
10701;SDS011;5402;50.004;8.246;2024-06-15T06:49:05;0.00;;;0.00;;
10701;SDS011;5402;50.004;8.246;2024-06-15T06:51:33;0.00;;;0.00;;
10701;SDS011;5402;50.004;8.246;2024-06-15T06:54:01;0.00;;;0.00;;
10701;SDS011;5402;50.004;8.246;2024-06-15T06:56:34;0.10;;;0.10;;
10701;SDS011;5402;50.004;8.246;2024-06-15T06:59:04;0.00;;;0.00;;
10701;SDS011;5402;50.004;8.246;2024-06-15T07:01:38;0.00;;;0.00;;
10701;SDS011;5402;50.004;8.246;2024-06-15T07:04:08;0.00;;;0.00;;
10701;SDS011;5402;50.004;8.246;2024-06-15T07:06:38;0.00;;;0.00;;
10701;SDS011;5402;50.004;8.246;2024-06-15T07:09:10;0.00;;;0.00;;
10701;SDS011;5402;50.004;8.246;2024-06-15T07:11:39;0.00;;;0.00;;
10701;SDS011;5402;50.004;8.246;2024-06-15T07:14:08;0.00;;;0.00;;
10701;SDS011;5402;50.004;8.246;2024-06-15T07:16:39;0.00;;;0.00;;
10701;SDS011;5402;50.004;8.246;2024-06-15T07:19:08;0.00;;;0.00;;
10701;SDS011;5402;50.004;8.246;2024-06-15T07:21:38;0.00;;;0.00;;
10701;SDS011;5402;50.004;8.246;2024-06-15T07:24:07;0.00;;;0.00;;
10701;SDS011;5402;50.004;8.246;2024-06-15T07:26:39;0.00;;;0.00;;
10701;SDS011;5402;50.004;8.246;2024-06-15T07:29:11;0.00;;;0.00;;
10701;SDS011;5402;50.004;8.246;2024-06-15T07:31:41;0.00;;;0.00;;
10701;SDS011;5402;50.004;8.246;2024-06-15T07:34:11;0.10;;;0.10;;
10701;SDS011;5402;50.004;8.246;2024-06-15T07:36:41;0.70;;;0.70;;
10701;SDS011;5402;50.004;8.246;2024-06-15T07:39:11;5.43;;;1.10;;
10701;SDS011;5402;50.004;8.246;2024-06-15T07:41:42;1.97;;;0.97;;
10701;SDS011;5402;50.004;8.246;2024-06-15T07:44:10;1.80;;;1.33;;
10701;SDS011;5402;50.004;8.246;2024-06-15T07:46:38;2.57;;;1.40;;
10701;SDS011;5402;50.004;8.246;2024-06-15T07:49:10;1.63;;;1.27;;
10701;SDS011;5402;50.004;8.246;2024-06-15T07:51:39;5.50;;;1.53;;
10701;SDS011;5402;50.004;8.246;2024-06-15T07:54:07;5.83;;;3.27;;
10701;SDS011;5402;50.004;8.246;2024-06-15T07:56:36;3.97;;;2.03;;
10701;SDS011;5402;50.004;8.246;2024-06-15T07:59:06;5.17;;;1.77;;
10701;SDS011;5402;50.004;8.246;2024-06-15T08:01:34;4.83;;;2.17;;
10701;SDS011;5402;50.004;8.246;2024-06-15T08:04:05;4.27;;;1.87;;
10701;SDS011;5402;50.004;8.246;2024-06-15T08:06:34;2.50;;;1.70;;
10701;SDS011;5402;50.004;8.246;2024-06-15T08:09:02;2.10;;;1.40;;
10701;SDS011;5402;50.004;8.246;2024-06-15T08:11:31;4.23;;;1.53;;
10701;SDS011;5402;50.004;8.246;2024-06-15T08:14:00;3.70;;;1.83;;
10701;SDS011;5402;50.004;8.246;2024-06-15T08:16:30;3.53;;;1.77;;
10701;SDS011;5402;50.004;8.246;2024-06-15T08:19:04;2.63;;;1.83;;
10701;SDS011;5402;50.004;8.246;2024-06-15T08:21:33;3.97;;;1.43;;
10701;SDS011;5402;50.004;8.246;2024-06-15T08:24:01;1.53;;;1.30;;
10701;SDS011;5402;50.004;8.246;2024-06-15T08:26:27;1.60;;;1.50;;
10701;SDS011;5402;50.004;8.246;2024-06-15T08:28:55;3.83;;;1.70;;
10701;SDS011;5402;50.004;8.246;2024-06-15T08:31:24;2.37;;;1.57;;
10701;SDS011;5402;50.004;8.246;2024-06-15T08:33:52;2.97;;;1.60;;
10701;SDS011;5402;50.004;8.246;2024-06-15T08:36:20;1.90;;;1.53;;
10701;SDS011;5402;50.004;8.246;2024-06-15T08:38:49;2.97;;;1.60;;
10701;SDS011;5402;50.004;8.246;2024-06-15T08:41:16;3.97;;;1.77;;
10701;SDS011;5402;50.004;8.246;2024-06-15T08:43:46;3.90;;;2.00;;
10701;SDS011;5402;50.004;8.246;2024-06-15T08:46:16;1.53;;;1.43;;
10701;SDS011;5402;50.004;8.246;2024-06-15T08:48:45;2.33;;;1.57;;
10701;SDS011;5402;50.004;8.246;2024-06-15T08:51:11;3.63;;;1.50;;
10701;SDS011;5402;50.004;8.246;2024-06-15T08:53:43;3.40;;;1.30;;
10701;SDS011;5402;50.004;8.246;2024-06-15T08:56:09;2.37;;;1.40;;
10701;SDS011;5402;50.004;8.246;2024-06-15T08:58:39;3.03;;;1.20;;
10701;SDS011;5402;50.004;8.246;2024-06-15T09:01:05;2.43;;;1.40;;
10701;SDS011;5402;50.004;8.246;2024-06-15T09:03:34;3.30;;;1.50;;
10701;SDS011;5402;50.004;8.246;2024-06-15T09:06:00;2.00;;;1.10;;
10701;SDS011;5402;50.004;8.246;2024-06-15T09:08:29;2.70;;;1.00;;
10701;SDS011;5402;50.004;8.246;2024-06-15T09:11:00;1.77;;;1.20;;
10701;SDS011;5402;50.004;8.246;2024-06-15T09:13:27;2.93;;;1.90;;
10701;SDS011;5402;50.004;8.246;2024-06-15T09:15:57;1.87;;;1.20;;
10701;SDS011;5402;50.004;8.246;2024-06-15T09:18:25;2.53;;;1.27;;
10701;SDS011;5402;50.004;8.246;2024-06-15T09:20:54;2.20;;;1.20;;
10701;SDS011;5402;50.004;8.246;2024-06-15T09:23:22;3.40;;;1.27;;
10701;SDS011;5402;50.004;8.246;2024-06-15T09:25:51;3.00;;;1.20;;
10701;SDS011;5402;50.004;8.246;2024-06-15T09:28:23;2.57;;;1.10;;
10701;SDS011;5402;50.004;8.246;2024-06-15T09:30:53;3.73;;;1.10;;
10701;SDS011;5402;50.004;8.246;2024-06-15T09:33:24;3.87;;;1.37;;
10701;SDS011;5402;50.004;8.246;2024-06-15T09:35:59;0.70;;;0.70;;
10701;SDS011;5402;50.004;8.246;2024-06-15T09:38:28;1.03;;;0.93;;
10701;SDS011;5402;50.004;8.246;2024-06-15T09:40:59;1.57;;;1.13;;
10701;SDS011;5402;50.004;8.246;2024-06-15T09:43:31;2.83;;;1.40;;
10701;SDS011;5402;50.004;8.246;2024-06-15T09:46:01;1.20;;;1.07;;
10701;SDS011;5402;50.004;8.246;2024-06-15T09:48:32;3.63;;;1.30;;
10701;SDS011;5402;50.004;8.246;2024-06-15T09:51:01;4.80;;;1.17;;
10701;SDS011;5402;50.004;8.246;2024-06-15T09:53:31;2.50;;;0.90;;
10701;SDS011;5402;50.004;8.246;2024-06-15T09:56:01;1.27;;;1.00;;
10701;SDS011;5402;50.004;8.246;2024-06-15T09:58:38;1.97;;;1.10;;
10701;SDS011;5402;50.004;8.246;2024-06-15T10:01:07;2.53;;;0.97;;
10701;SDS011;5402;50.004;8.246;2024-06-15T10:03:36;1.50;;;1.00;;
10701;SDS011;5402;50.004;8.246;2024-06-15T10:06:05;2.00;;;1.77;;
10701;SDS011;5402;50.004;8.246;2024-06-15T10:08:43;1.40;;;1.08;;
10701;SDS011;5402;50.004;8.246;2024-06-15T10:11:14;4.78;;;2.85;;
10701;SDS011;5402;50.004;8.246;2024-06-15T10:13:46;4.25;;;1.35;;
10701;SDS011;5402;50.004;8.246;2024-06-15T10:16:37;2.50;;;0.95;;
10701;SDS011;5402;50.004;8.246;2024-06-15T10:19:13;1.27;;;0.88;;
10701;SDS011;5402;50.004;8.246;2024-06-15T10:21:43;1.25;;;0.85;;
10701;SDS011;5402;50.004;8.246;2024-06-15T10:24:11;1.27;;;0.93;;
10701;SDS011;5402;50.004;8.246;2024-06-15T10:26:39;2.10;;;1.00;;
10701;SDS011;5402;50.004;8.246;2024-06-15T10:29:14;2.17;;;1.20;;
10701;SDS011;5402;50.004;8.246;2024-06-15T10:31:44;1.40;;;1.08;;
10701;SDS011;5402;50.004;8.246;2024-06-15T10:34:14;1.50;;;0.90;;
10701;SDS011;5402;50.004;8.246;2024-06-15T10:36:42;1.73;;;0.90;;
10701;SDS011;5402;50.004;8.246;2024-06-15T10:39:11;1.02;;;0.63;;
10701;SDS011;5402;50.004;8.246;2024-06-15T10:41:40;1.20;;;0.93;;
10701;SDS011;5402;50.004;8.246;2024-06-15T10:44:11;1.55;;;0.82;;
10701;SDS011;5402;50.004;8.246;2024-06-15T10:46:47;1.02;;;0.93;;
10701;SDS011;5402;50.004;8.246;2024-06-15T10:49:16;0.80;;;0.80;;
10701;SDS011;5402;50.004;8.246;2024-06-15T10:51:41;1.00;;;0.95;;
10701;SDS011;5402;50.004;8.246;2024-06-15T10:54:10;2.17;;;1.10;;
10701;SDS011;5402;50.004;8.246;2024-06-15T10:56:39;1.60;;;1.10;;
10701;SDS011;5402;50.004;8.246;2024-06-15T10:59:08;1.00;;;0.90;;
10701;SDS011;5402;50.004;8.246;2024-06-15T11:01:50;2.15;;;1.10;;
10701;SDS011;5402;50.004;8.246;2024-06-15T11:04:18;4.07;;;0.90;;
10701;SDS011;5402;50.004;8.246;2024-06-15T11:06:46;2.60;;;0.80;;
10701;SDS011;5402;50.004;8.246;2024-06-15T11:09:15;2.17;;;0.80;;
10701;SDS011;5402;50.004;8.246;2024-06-15T11:11:44;2.88;;;1.00;;
10701;SDS011;5402;50.004;8.246;2024-06-15T11:14:13;4.10;;;1.08;;
10701;SDS011;5402;50.004;8.246;2024-06-15T11:16:41;2.72;;;1.10;;
10701;SDS011;5402;50.004;8.246;2024-06-15T11:19:13;4.95;;;1.20;;
10701;SDS011;5402;50.004;8.246;2024-06-15T11:21:41;3.47;;;1.20;;
10701;SDS011;5402;50.004;8.246;2024-06-15T11:24:07;1.60;;;0.90;;
10701;SDS011;5402;50.004;8.246;2024-06-15T11:26:35;1.17;;;1.00;;
10701;SDS011;5402;50.004;8.246;2024-06-15T11:29:04;1.88;;;0.85;;
10701;SDS011;5402;50.004;8.246;2024-06-15T11:31:32;1.25;;;0.88;;
10701;SDS011;5402;50.004;8.246;2024-06-15T11:34:00;1.67;;;0.80;;
10701;SDS011;5402;50.004;8.246;2024-06-15T11:36:29;1.50;;;0.85;;
10701;SDS011;5402;50.004;8.246;2024-06-15T11:38:58;1.30;;;0.90;;
10701;SDS011;5402;50.004;8.246;2024-06-15T11:41:23;2.50;;;1.23;;
10701;SDS011;5402;50.004;8.246;2024-06-15T11:43:52;3.33;;;1.00;;
10701;SDS011;5402;50.004;8.246;2024-06-15T11:46:18;1.55;;;0.90;;
10701;SDS011;5402;50.004;8.246;2024-06-15T11:48:47;0.60;;;0.60;;
10701;SDS011;5402;50.004;8.246;2024-06-15T11:51:15;1.13;;;0.80;;
10701;SDS011;5402;50.004;8.246;2024-06-15T11:53:46;0.98;;;0.82;;
10701;SDS011;5402;50.004;8.246;2024-06-15T11:56:13;1.65;;;0.77;;
10701;SDS011;5402;50.004;8.246;2024-06-15T11:58:41;2.05;;;0.80;;
10701;SDS011;5402;50.004;8.246;2024-06-15T12:01:07;1.02;;;0.93;;
10701;SDS011;5402;50.004;8.246;2024-06-15T12:03:36;1.00;;;0.80;;
10701;SDS011;5402;50.004;8.246;2024-06-15T12:06:02;0.80;;;0.80;;
10701;SDS011;5402;50.004;8.246;2024-06-15T12:08:31;1.45;;;0.80;;
10701;SDS011;5402;50.004;8.246;2024-06-15T12:11:01;1.38;;;1.05;;
10701;SDS011;5402;50.004;8.246;2024-06-15T12:13:31;0.55;;;0.55;;
10701;SDS011;5402;50.004;8.246;2024-06-15T12:16:00;0.85;;;0.85;;
10701;SDS011;5402;50.004;8.246;2024-06-15T12:18:25;1.70;;;1.00;;
10701;SDS011;5402;50.004;8.246;2024-06-15T12:20:54;3.15;;;0.98;;
10701;SDS011;5402;50.004;8.246;2024-06-15T12:23:22;0.77;;;0.73;;
10701;SDS011;5402;50.004;8.246;2024-06-15T12:25:50;1.90;;;1.00;;
10701;SDS011;5402;50.004;8.246;2024-06-15T12:28:21;2.33;;;0.73;;
10701;SDS011;5402;50.004;8.246;2024-06-15T12:30:50;1.88;;;0.80;;
10701;SDS011;5402;50.004;8.246;2024-06-15T12:33:19;2.13;;;1.10;;
10701;SDS011;5402;50.004;8.246;2024-06-15T12:35:47;2.70;;;0.90;;
10701;SDS011;5402;50.004;8.246;2024-06-15T12:38:15;1.05;;;0.90;;
10701;SDS011;5402;50.004;8.246;2024-06-15T12:40:44;1.95;;;1.45;;
10701;SDS011;5402;50.004;8.246;2024-06-15T12:43:13;2.03;;;0.88;;
10701;SDS011;5402;50.004;8.246;2024-06-15T12:45:44;1.25;;;0.70;;
10701;SDS011;5402;50.004;8.246;2024-06-15T12:48:12;1.17;;;0.70;;
10701;SDS011;5402;50.004;8.246;2024-06-15T12:50:41;1.60;;;0.98;;
10701;SDS011;5402;50.004;8.246;2024-06-15T12:53:10;1.75;;;0.90;;
10701;SDS011;5402;50.004;8.246;2024-06-15T12:55:38;1.98;;;0.80;;
10701;SDS011;5402;50.004;8.246;2024-06-15T12:58:04;1.45;;;0.80;;
10701;SDS011;5402;50.004;8.246;2024-06-15T13:00:33;0.70;;;0.70;;
10701;SDS011;5402;50.004;8.246;2024-06-15T13:03:04;2.92;;;0.68;;
10701;SDS011;5402;50.004;8.246;2024-06-15T13:05:35;0.93;;;0.82;;
10701;SDS011;5402;50.004;8.246;2024-06-15T13:08:04;3.50;;;0.70;;
10701;SDS011;5402;50.004;8.246;2024-06-15T13:10:33;0.98;;;0.65;;
10701;SDS011;5402;50.004;8.246;2024-06-15T13:13:02;2.65;;;0.63;;
10701;SDS011;5402;50.004;8.246;2024-06-15T13:15:33;1.85;;;0.88;;
10701;SDS011;5402;50.004;8.246;2024-06-15T13:18:05;2.17;;;0.70;;
10701;SDS011;5402;50.004;8.246;2024-06-15T13:20:33;0.95;;;0.80;;
10701;SDS011;5402;50.004;8.246;2024-06-15T13:23:02;4.53;;;0.80;;
10701;SDS011;5402;50.004;8.246;2024-06-15T13:25:31;1.48;;;0.68;;
10701;SDS011;5402;50.004;8.246;2024-06-15T13:27:59;1.65;;;0.88;;
10701;SDS011;5402;50.004;8.246;2024-06-15T13:30:27;1.27;;;0.70;;
10701;SDS011;5402;50.004;8.246;2024-06-15T13:32:56;1.52;;;0.82;;
10701;SDS011;5402;50.004;8.246;2024-06-15T13:35:27;2.03;;;0.63;;
10701;SDS011;5402;50.004;8.246;2024-06-15T13:37:52;0.82;;;0.60;;
10701;SDS011;5402;50.004;8.246;2024-06-15T13:40:23;1.90;;;0.68;;
10701;SDS011;5402;50.004;8.246;2024-06-15T13:42:51;1.77;;;0.68;;
10701;SDS011;5402;50.004;8.246;2024-06-15T13:45:21;2.78;;;0.80;;
10701;SDS011;5402;50.004;8.246;2024-06-15T13:47:52;1.30;;;0.60;;
10701;SDS011;5402;50.004;8.246;2024-06-15T13:50:21;0.93;;;0.70;;
10701;SDS011;5402;50.004;8.246;2024-06-15T13:52:54;4.18;;;0.93;;
10701;SDS011;5402;50.004;8.246;2024-06-15T13:55:24;2.28;;;0.80;;
10701;SDS011;5402;50.004;8.246;2024-06-15T13:57:52;1.67;;;0.88;;
10701;SDS011;5402;50.004;8.246;2024-06-15T14:00:20;0.70;;;0.70;;
10701;SDS011;5402;50.004;8.246;2024-06-15T14:02:50;1.75;;;0.80;;
10701;SDS011;5402;50.004;8.246;2024-06-15T14:05:19;2.92;;;0.80;;
10701;SDS011;5402;50.004;8.246;2024-06-15T14:07:47;1.90;;;0.75;;
10701;SDS011;5402;50.004;8.246;2024-06-15T14:10:18;2.92;;;1.00;;
10701;SDS011;5402;50.004;8.246;2024-06-15T14:12:47;0.73;;;0.68;;
10701;SDS011;5402;50.004;8.246;2024-06-15T14:15:15;1.67;;;0.60;;
10701;SDS011;5402;50.004;8.246;2024-06-15T14:17:43;0.73;;;0.73;;
10701;SDS011;5402;50.004;8.246;2024-06-15T14:20:12;2.80;;;0.90;;
10701;SDS011;5402;50.004;8.246;2024-06-15T14:22:37;1.88;;;0.80;;
10701;SDS011;5402;50.004;8.246;2024-06-15T14:25:06;1.63;;;0.80;;
10701;SDS011;5402;50.004;8.246;2024-06-15T14:27:37;1.20;;;0.88;;
10701;SDS011;5402;50.004;8.246;2024-06-15T14:30:03;1.45;;;0.80;;
10701;SDS011;5402;50.004;8.246;2024-06-15T14:32:32;1.08;;;0.77;;
10701;SDS011;5402;50.004;8.246;2024-06-15T14:34:58;1.60;;;0.80;;
10701;SDS011;5402;50.004;8.246;2024-06-15T14:37:27;3.63;;;1.25;;
10701;SDS011;5402;50.004;8.246;2024-06-15T14:39:52;2.10;;;0.77;;
10701;SDS011;5402;50.004;8.246;2024-06-15T14:42:21;0.80;;;0.80;;
10701;SDS011;5402;50.004;8.246;2024-06-15T14:44:49;1.27;;;1.00;;
10701;SDS011;5402;50.004;8.246;2024-06-15T14:47:20;2.72;;;0.90;;
10701;SDS011;5402;50.004;8.246;2024-06-15T14:49:46;2.08;;;1.08;;
10701;SDS011;5402;50.004;8.246;2024-06-15T14:52:14;3.03;;;0.98;;
10701;SDS011;5402;50.004;8.246;2024-06-15T14:54:40;2.70;;;0.90;;
10701;SDS011;5402;50.004;8.246;2024-06-15T14:57:08;1.20;;;0.80;;
10701;SDS011;5402;50.004;8.246;2024-06-15T14:59:34;1.77;;;0.88;;
10701;SDS011;5402;50.004;8.246;2024-06-15T15:02:05;2.40;;;1.00;;
10701;SDS011;5402;50.004;8.246;2024-06-15T15:04:33;2.35;;;0.98;;
10701;SDS011;5402;50.004;8.246;2024-06-15T15:07:02;2.38;;;1.05;;
10701;SDS011;5402;50.004;8.246;2024-06-15T15:09:28;2.08;;;1.30;;
10701;SDS011;5402;50.004;8.246;2024-06-15T15:11:56;1.40;;;1.10;;
10701;SDS011;5402;50.004;8.246;2024-06-15T15:14:24;1.42;;;1.05;;
10701;SDS011;5402;50.004;8.246;2024-06-15T15:17:00;1.98;;;0.98;;
10701;SDS011;5402;50.004;8.246;2024-06-15T15:19:31;1.33;;;1.00;;
10701;SDS011;5402;50.004;8.246;2024-06-15T15:22:00;1.00;;;0.68;;
10701;SDS011;5402;50.004;8.246;2024-06-15T15:24:28;1.73;;;0.90;;
10701;SDS011;5402;50.004;8.246;2024-06-15T15:26:57;0.80;;;0.80;;
10701;SDS011;5402;50.004;8.246;2024-06-15T15:29:25;1.40;;;0.88;;
10701;SDS011;5402;50.004;8.246;2024-06-15T15:31:53;1.73;;;0.90;;
10701;SDS011;5402;50.004;8.246;2024-06-15T15:34:22;1.58;;;0.80;;
10701;SDS011;5402;50.004;8.246;2024-06-15T15:37:01;4.15;;;0.80;;
10701;SDS011;5402;50.004;8.246;2024-06-15T15:39:33;2.33;;;1.02;;
10701;SDS011;5402;50.004;8.246;2024-06-15T15:42:03;2.88;;;1.05;;
10701;SDS011;5402;50.004;8.246;2024-06-15T15:44:32;2.22;;;1.00;;
10701;SDS011;5402;50.004;8.246;2024-06-15T15:47:03;2.78;;;1.00;;
10701;SDS011;5402;50.004;8.246;2024-06-15T15:49:34;2.13;;;0.90;;
10701;SDS011;5402;50.004;8.246;2024-06-15T15:52:05;3.05;;;1.48;;
10701;SDS011;5402;50.004;8.246;2024-06-15T15:54:33;1.48;;;0.98;;
10701;SDS011;5402;50.004;8.246;2024-06-15T15:57:02;2.10;;;0.80;;
10701;SDS011;5402;50.004;8.246;2024-06-15T15:59:31;2.55;;;1.00;;
10701;SDS011;5402;50.004;8.246;2024-06-15T16:02:01;2.10;;;1.10;;
10701;SDS011;5402;50.004;8.246;2024-06-15T16:04:30;4.10;;;1.08;;
10701;SDS011;5402;50.004;8.246;2024-06-15T16:06:58;3.95;;;1.30;;
10701;SDS011;5402;50.004;8.246;2024-06-15T16:09:29;2.63;;;0.90;;
10701;SDS011;5402;50.004;8.246;2024-06-15T16:11:57;2.83;;;1.00;;
10701;SDS011;5402;50.004;8.246;2024-06-15T16:14:26;1.40;;;0.93;;
10701;SDS011;5402;50.004;8.246;2024-06-15T16:16:54;2.75;;;1.20;;
10701;SDS011;5402;50.004;8.246;2024-06-15T16:19:22;1.98;;;1.30;;
10701;SDS011;5402;50.004;8.246;2024-06-15T16:21:51;1.20;;;0.85;;
10701;SDS011;5402;50.004;8.246;2024-06-15T16:24:20;2.65;;;1.02;;
10701;SDS011;5402;50.004;8.246;2024-06-15T16:26:51;1.80;;;1.15;;
10701;SDS011;5402;50.004;8.246;2024-06-15T16:29:20;0.88;;;0.80;;
10701;SDS011;5402;50.004;8.246;2024-06-15T16:31:48;2.22;;;1.25;;
10701;SDS011;5402;50.004;8.246;2024-06-15T16:34:17;5.80;;;1.20;;
10701;SDS011;5402;50.004;8.246;2024-06-15T16:36:46;5.22;;;1.25;;
10701;SDS011;5402;50.004;8.246;2024-06-15T16:39:14;2.13;;;1.13;;
10701;SDS011;5402;50.004;8.246;2024-06-15T16:41:42;1.52;;;1.20;;
10701;SDS011;5402;50.004;8.246;2024-06-15T16:44:13;3.15;;;1.35;;
10701;SDS011;5402;50.004;8.246;2024-06-15T16:46:42;2.15;;;1.10;;
10701;SDS011;5402;50.004;8.246;2024-06-15T16:49:10;1.35;;;1.00;;
10701;SDS011;5402;50.004;8.246;2024-06-15T16:51:39;4.70;;;1.67;;
10701;SDS011;5402;50.004;8.246;2024-06-15T16:54:09;3.42;;;1.30;;
10701;SDS011;5402;50.004;8.246;2024-06-15T16:56:38;1.20;;;0.98;;
10701;SDS011;5402;50.004;8.246;2024-06-15T16:59:07;2.88;;;1.20;;
10701;SDS011;5402;50.004;8.246;2024-06-15T17:01:38;1.50;;;1.10;;
10701;SDS011;5402;50.004;8.246;2024-06-15T17:04:12;3.50;;;1.20;;
10701;SDS011;5402;50.004;8.246;2024-06-15T17:06:40;2.75;;;0.98;;
10701;SDS011;5402;50.004;8.246;2024-06-15T17:09:08;3.13;;;1.00;;
10701;SDS011;5402;50.004;8.246;2024-06-15T17:11:37;1.67;;;1.10;;
10701;SDS011;5402;50.004;8.246;2024-06-15T17:14:06;2.28;;;0.95;;
10701;SDS011;5402;50.004;8.246;2024-06-15T17:16:39;13.90;;;9.82;;
10701;SDS011;5402;50.004;8.246;2024-06-15T17:19:08;2.95;;;1.25;;
10701;SDS011;5402;50.004;8.246;2024-06-15T17:21:38;1.52;;;0.90;;
10701;SDS011;5402;50.004;8.246;2024-06-15T17:24:07;2.30;;;1.17;;
10701;SDS011;5402;50.004;8.246;2024-06-15T17:26:36;2.83;;;1.00;;
10701;SDS011;5402;50.004;8.246;2024-06-15T17:29:04;2.67;;;1.40;;
10701;SDS011;5402;50.004;8.246;2024-06-15T17:31:37;3.55;;;1.50;;
10701;SDS011;5402;50.004;8.246;2024-06-15T17:34:09;3.30;;;1.42;;
10701;SDS011;5402;50.004;8.246;2024-06-15T17:36:38;1.20;;;1.10;;
10701;SDS011;5402;50.004;8.246;2024-06-15T17:39:09;3.28;;;1.17;;
10701;SDS011;5402;50.004;8.246;2024-06-15T17:41:37;2.35;;;1.25;;
10701;SDS011;5402;50.004;8.246;2024-06-15T17:44:06;2.20;;;0.98;;
10701;SDS011;5402;50.004;8.246;2024-06-15T17:46:40;5.25;;;1.60;;
10701;SDS011;5402;50.004;8.246;2024-06-15T17:49:08;3.88;;;1.40;;
10701;SDS011;5402;50.004;8.246;2024-06-15T17:51:39;2.92;;;1.40;;
10701;SDS011;5402;50.004;8.246;2024-06-15T17:54:08;1.65;;;1.10;;
10701;SDS011;5402;50.004;8.246;2024-06-15T17:56:37;2.33;;;0.90;;
10701;SDS011;5402;50.004;8.246;2024-06-15T17:59:08;4.78;;;1.00;;
10701;SDS011;5402;50.004;8.246;2024-06-15T18:01:42;5.50;;;1.10;;
10701;SDS011;5402;50.004;8.246;2024-06-15T18:04:11;3.88;;;1.60;;
10701;SDS011;5402;50.004;8.246;2024-06-15T18:06:39;5.05;;;1.60;;
10701;SDS011;5402;50.004;8.246;2024-06-15T18:09:08;4.38;;;1.55;;
10701;SDS011;5402;50.004;8.246;2024-06-15T18:11:38;4.97;;;1.45;;
10701;SDS011;5402;50.004;8.246;2024-06-15T18:14:07;2.85;;;1.48;;
10701;SDS011;5402;50.004;8.246;2024-06-15T18:16:36;2.67;;;1.40;;
10701;SDS011;5402;50.004;8.246;2024-06-15T18:19:07;2.75;;;1.58;;
10701;SDS011;5402;50.004;8.246;2024-06-15T18:21:37;3.10;;;1.30;;
10701;SDS011;5402;50.004;8.246;2024-06-15T18:24:06;3.30;;;1.10;;
10701;SDS011;5402;50.004;8.246;2024-06-15T18:26:37;2.25;;;1.10;;
10701;SDS011;5402;50.004;8.246;2024-06-15T18:29:05;4.72;;;1.20;;
10701;SDS011;5402;50.004;8.246;2024-06-15T18:31:34;2.03;;;1.02;;
10701;SDS011;5402;50.004;8.246;2024-06-15T18:34:09;3.65;;;1.20;;
10701;SDS011;5402;50.004;8.246;2024-06-15T18:36:38;2.35;;;1.10;;
10701;SDS011;5402;50.004;8.246;2024-06-15T18:39:08;2.75;;;0.90;;
10701;SDS011;5402;50.004;8.246;2024-06-15T18:41:37;1.75;;;1.00;;
10701;SDS011;5402;50.004;8.246;2024-06-15T18:44:05;3.00;;;1.10;;
10701;SDS011;5402;50.004;8.246;2024-06-15T18:46:34;4.20;;;1.10;;
10701;SDS011;5402;50.004;8.246;2024-06-15T18:49:04;1.42;;;0.95;;
10701;SDS011;5402;50.004;8.246;2024-06-15T18:51:35;1.58;;;1.08;;
10701;SDS011;5402;50.004;8.246;2024-06-15T18:54:03;3.60;;;1.00;;
10701;SDS011;5402;50.004;8.246;2024-06-15T18:56:32;2.80;;;1.20;;
10701;SDS011;5402;50.004;8.246;2024-06-15T18:59:00;2.33;;;1.20;;
10701;SDS011;5402;50.004;8.246;2024-06-15T19:01:33;2.80;;;1.02;;
10701;SDS011;5402;50.004;8.246;2024-06-15T19:04:01;2.63;;;1.30;;
10701;SDS011;5402;50.004;8.246;2024-06-15T19:06:29;2.07;;;1.30;;
10701;SDS011;5402;50.004;8.246;2024-06-15T19:09:00;1.07;;;0.90;;
10701;SDS011;5402;50.004;8.246;2024-06-15T19:11:29;1.77;;;1.40;;
10701;SDS011;5402;50.004;8.246;2024-06-15T19:13:57;1.60;;;0.93;;
10701;SDS011;5402;50.004;8.246;2024-06-15T19:16:27;4.27;;;1.20;;
10701;SDS011;5402;50.004;8.246;2024-06-15T19:18:56;4.77;;;1.17;;
10701;SDS011;5402;50.004;8.246;2024-06-15T19:21:24;3.77;;;1.20;;
10701;SDS011;5402;50.004;8.246;2024-06-15T19:23:53;3.60;;;1.00;;
10701;SDS011;5402;50.004;8.246;2024-06-15T19:26:26;3.40;;;1.27;;
10701;SDS011;5402;50.004;8.246;2024-06-15T19:28:57;5.10;;;1.20;;
10701;SDS011;5402;50.004;8.246;2024-06-15T19:31:25;3.07;;;1.17;;
10701;SDS011;5402;50.004;8.246;2024-06-15T19:33:53;2.90;;;1.00;;
10701;SDS011;5402;50.004;8.246;2024-06-15T19:36:22;2.40;;;1.00;;
10701;SDS011;5402;50.004;8.246;2024-06-15T19:38:50;2.53;;;1.00;;
10701;SDS011;5402;50.004;8.246;2024-06-15T19:41:18;1.77;;;0.90;;
10701;SDS011;5402;50.004;8.246;2024-06-15T19:43:49;2.47;;;1.20;;
10701;SDS011;5402;50.004;8.246;2024-06-15T19:46:19;1.63;;;1.10;;
10701;SDS011;5402;50.004;8.246;2024-06-15T19:48:48;3.67;;;1.20;;
10701;SDS011;5402;50.004;8.246;2024-06-15T19:51:17;1.90;;;1.10;;
10701;SDS011;5402;50.004;8.246;2024-06-15T19:53:47;3.00;;;1.27;;
10701;SDS011;5402;50.004;8.246;2024-06-15T19:56:15;2.87;;;1.30;;
10701;SDS011;5402;50.004;8.246;2024-06-15T19:58:44;1.70;;;1.20;;
10701;SDS011;5402;50.004;8.246;2024-06-15T20:01:17;3.40;;;1.60;;
10701;SDS011;5402;50.004;8.246;2024-06-15T20:03:46;5.00;;;1.40;;
10701;SDS011;5402;50.004;8.246;2024-06-15T20:06:15;3.03;;;1.20;;
10701;SDS011;5402;50.004;8.246;2024-06-15T20:08:43;2.87;;;1.23;;
10701;SDS011;5402;50.004;8.246;2024-06-15T20:11:11;2.03;;;1.13;;
10701;SDS011;5402;50.004;8.246;2024-06-15T20:13:40;4.67;;;2.57;;
10701;SDS011;5402;50.004;8.246;2024-06-15T20:16:09;2.63;;;1.60;;
10701;SDS011;5402;50.004;8.246;2024-06-15T20:18:42;2.37;;;1.20;;
10701;SDS011;5402;50.004;8.246;2024-06-15T20:21:11;3.60;;;1.23;;
10701;SDS011;5402;50.004;8.246;2024-06-15T20:23:40;3.00;;;1.80;;
10701;SDS011;5402;50.004;8.246;2024-06-15T20:26:09;1.90;;;1.03;;
10701;SDS011;5402;50.004;8.246;2024-06-15T20:28:37;2.33;;;1.20;;
10701;SDS011;5402;50.004;8.246;2024-06-15T20:31:06;3.20;;;0.83;;
10701;SDS011;5402;50.004;8.246;2024-06-15T20:33:36;3.20;;;1.20;;
10701;SDS011;5402;50.004;8.246;2024-06-15T20:36:07;1.67;;;1.10;;
10701;SDS011;5402;50.004;8.246;2024-06-15T20:38:36;1.57;;;1.00;;
10701;SDS011;5402;50.004;8.246;2024-06-15T20:41:05;2.00;;;1.20;;
10701;SDS011;5402;50.004;8.246;2024-06-15T20:43:34;3.17;;;1.17;;
10701;SDS011;5402;50.004;8.246;2024-06-15T20:46:04;3.17;;;1.40;;
10701;SDS011;5402;50.004;8.246;2024-06-15T20:48:32;3.03;;;1.20;;
10701;SDS011;5402;50.004;8.246;2024-06-15T20:51:03;2.13;;;1.23;;
10701;SDS011;5402;50.004;8.246;2024-06-15T20:53:34;6.03;;;1.30;;
10701;SDS011;5402;50.004;8.246;2024-06-15T20:56:03;3.10;;;1.40;;
10701;SDS011;5402;50.004;8.246;2024-06-15T20:58:33;3.77;;;1.60;;
10701;SDS011;5402;50.004;8.246;2024-06-15T21:01:01;1.87;;;1.30;;
10701;SDS011;5402;50.004;8.246;2024-06-15T21:03:30;4.40;;;1.40;;
10701;SDS011;5402;50.004;8.246;2024-06-15T21:05:59;2.53;;;1.30;;
10701;SDS011;5402;50.004;8.246;2024-06-15T21:08:35;3.27;;;1.43;;
10701;SDS011;5402;50.004;8.246;2024-06-15T21:11:04;3.90;;;1.33;;
10701;SDS011;5402;50.004;8.246;2024-06-15T21:13:33;4.37;;;1.50;;
10701;SDS011;5402;50.004;8.246;2024-06-15T21:16:02;4.00;;;1.50;;
10701;SDS011;5402;50.004;8.246;2024-06-15T21:18:30;3.10;;;1.57;;
10701;SDS011;5402;50.004;8.246;2024-06-15T21:21:00;2.37;;;1.23;;
10701;SDS011;5402;50.004;8.246;2024-06-15T21:23:28;5.10;;;1.30;;
10701;SDS011;5402;50.004;8.246;2024-06-15T21:25:59;3.97;;;1.67;;
10701;SDS011;5402;50.004;8.246;2024-06-15T21:28:27;2.53;;;1.23;;
10701;SDS011;5402;50.004;8.246;2024-06-15T21:30:58;1.67;;;1.30;;
10701;SDS011;5402;50.004;8.246;2024-06-15T21:33:24;2.73;;;1.30;;
10701;SDS011;5402;50.004;8.246;2024-06-15T21:35:53;2.53;;;1.23;;
10701;SDS011;5402;50.004;8.246;2024-06-15T21:38:22;6.10;;;1.50;;
10701;SDS011;5402;50.004;8.246;2024-06-15T21:40:50;4.70;;;1.40;;
10701;SDS011;5402;50.004;8.246;2024-06-15T21:43:23;4.37;;;1.50;;
10701;SDS011;5402;50.004;8.246;2024-06-15T21:45:51;4.20;;;1.30;;
10701;SDS011;5402;50.004;8.246;2024-06-15T21:48:21;5.10;;;1.53;;
10701;SDS011;5402;50.004;8.246;2024-06-15T21:50:52;3.97;;;1.47;;
10701;SDS011;5402;50.004;8.246;2024-06-15T21:53:24;3.83;;;1.40;;
10701;SDS011;5402;50.004;8.246;2024-06-15T21:55:52;2.57;;;1.67;;
10701;SDS011;5402;50.004;8.246;2024-06-15T21:58:23;3.70;;;1.53;;
10701;SDS011;5402;50.004;8.246;2024-06-15T22:00:51;2.53;;;1.27;;
10701;SDS011;5402;50.004;8.246;2024-06-15T22:03:20;4.50;;;1.43;;
10701;SDS011;5402;50.004;8.246;2024-06-15T22:05:48;5.03;;;1.47;;
10701;SDS011;5402;50.004;8.246;2024-06-15T22:08:16;3.67;;;1.40;;
10701;SDS011;5402;50.004;8.246;2024-06-15T22:10:45;4.67;;;1.40;;
10701;SDS011;5402;50.004;8.246;2024-06-15T22:13:13;1.77;;;1.40;;
10701;SDS011;5402;50.004;8.246;2024-06-15T22:15:45;1.97;;;1.30;;
10701;SDS011;5402;50.004;8.246;2024-06-15T22:18:13;5.30;;;1.30;;
10701;SDS011;5402;50.004;8.246;2024-06-15T22:20:41;4.10;;;1.53;;
10701;SDS011;5402;50.004;8.246;2024-06-15T22:23:10;3.33;;;1.70;;
10701;SDS011;5402;50.004;8.246;2024-06-15T22:25:38;2.10;;;1.43;;
10701;SDS011;5402;50.004;8.246;2024-06-15T22:28:08;8.00;;;1.50;;
10701;SDS011;5402;50.004;8.246;2024-06-15T22:30:36;2.77;;;1.40;;
10701;SDS011;5402;50.004;8.246;2024-06-15T22:33:07;2.10;;;1.60;;
10701;SDS011;5402;50.004;8.246;2024-06-15T22:35:38;2.03;;;1.00;;
10701;SDS011;5402;50.004;8.246;2024-06-15T22:38:08;3.07;;;1.30;;
10701;SDS011;5402;50.004;8.246;2024-06-15T22:40:36;2.13;;;1.13;;
10701;SDS011;5402;50.004;8.246;2024-06-15T22:43:06;1.77;;;1.40;;
10701;SDS011;5402;50.004;8.246;2024-06-15T22:45:35;1.53;;;1.30;;
10701;SDS011;5402;50.004;8.246;2024-06-15T22:48:03;3.00;;;1.37;;
10701;SDS011;5402;50.004;8.246;2024-06-15T22:50:34;3.70;;;1.20;;
10701;SDS011;5402;50.004;8.246;2024-06-15T22:53:04;3.57;;;1.43;;
10701;SDS011;5402;50.004;8.246;2024-06-15T22:55:32;4.63;;;1.47;;
10701;SDS011;5402;50.004;8.246;2024-06-15T22:58:01;2.23;;;1.37;;
10701;SDS011;5402;50.004;8.246;2024-06-15T23:00:30;3.13;;;1.40;;
10701;SDS011;5402;50.004;8.246;2024-06-15T23:03:00;5.00;;;1.40;;
10701;SDS011;5402;50.004;8.246;2024-06-15T23:05:29;4.57;;;1.30;;
10701;SDS011;5402;50.004;8.246;2024-06-15T23:08:00;3.43;;;1.37;;
10701;SDS011;5402;50.004;8.246;2024-06-15T23:10:28;2.40;;;1.20;;
10701;SDS011;5402;50.004;8.246;2024-06-15T23:12:59;3.07;;;1.40;;
10701;SDS011;5402;50.004;8.246;2024-06-15T23:15:30;2.17;;;1.40;;
10701;SDS011;5402;50.004;8.246;2024-06-15T23:17:56;3.50;;;1.33;;
10701;SDS011;5402;50.004;8.246;2024-06-15T23:20:25;2.77;;;1.30;;
10701;SDS011;5402;50.004;8.246;2024-06-15T23:22:53;2.03;;;1.53;;
10701;SDS011;5402;50.004;8.246;2024-06-15T23:25:24;2.70;;;1.40;;
10701;SDS011;5402;50.004;8.246;2024-06-15T23:27:53;2.13;;;1.70;;
10701;SDS011;5402;50.004;8.246;2024-06-15T23:30:23;4.37;;;1.70;;
10701;SDS011;5402;50.004;8.246;2024-06-15T23:32:52;2.63;;;1.70;;
10701;SDS011;5402;50.004;8.246;2024-06-15T23:35:20;4.20;;;1.50;;
10701;SDS011;5402;50.004;8.246;2024-06-15T23:37:49;2.60;;;1.50;;
10701;SDS011;5402;50.004;8.246;2024-06-15T23:40:17;1.47;;;1.13;;
10701;SDS011;5402;50.004;8.246;2024-06-15T23:42:48;3.93;;;1.33;;
10701;SDS011;5402;50.004;8.246;2024-06-15T23:45:16;3.77;;;1.57;;
10701;SDS011;5402;50.004;8.246;2024-06-15T23:47:48;3.90;;;1.80;;
10701;SDS011;5402;50.004;8.246;2024-06-15T23:50:16;2.40;;;1.43;;
10701;SDS011;5402;50.004;8.246;2024-06-15T23:52:46;2.77;;;1.40;;
10701;SDS011;5402;50.004;8.246;2024-06-15T23:55:14;2.20;;;1.40;;
10701;SDS011;5402;50.004;8.246;2024-06-15T23:57:44;2.37;;;1.50;;
